t,VCCINT.V,VCCINT.I,VCCINT.P,VCCINT.T,VCCPINT.V,VCCPINT.I,VCCPINT.P,VCCPINT.T,VCCAUX.V,VCCAUX.I,VCCAUX.P,VCCAUX.T,VCCPAUX.V,VCCPAUX.I,VCCPAUX.P,VCCPAUX.T,VCCADJ.V,VCCADJ.I,VCCADJ.P,VCCADJ.T,VCC1V5.V,VCC1V5.I,VCC1V5.P,VCC1V5.T,VCCMIO_PS.V,VCCMIO_PS.I,VCCMIO_PS.P,VCCMIO_PS.T,VCCBRAM.V,VCCBRAM.I,VCCBRAM.P,VCCBRAM.T,VCC3V3.V,VCC3V3.I,VCC3V3.P,VCC3V3.T,VCC2V5.V,VCC2V5.I,VCC2V5.P,VCC2V5.T,M.MemTotal:,M.MemFree:,M.MemAvailable:,M.Buffers:,M.Cached:,M.SwapCached:,M.Active:,M.Inactive:,M.Active(anon):,M.Inactive(anon):,M.Active(file):,M.Inactive(file):,M.Unevictable:,M.Mlocked:,M.HighTotal:,M.HighFree:,M.LowTotal:,M.LowFree:,M.SwapTotal:,M.SwapFree:,M.Dirty:,M.Writeback:,M.AnonPages:,M.Mapped:,M.Shmem:,M.Slab:,M.SReclaimable:,M.SUnreclaim:,M.KernelStack:,M.PageTables:,M.NFS_Unstable:,M.Bounce:,M.WritebackTmp:,M.CommitLimit:,M.Committed_AS:,M.VmallocTotal:,M.VmallocUsed:,M.VmallocChunk:,
1421625407356979,1009,31,31555,47500,1002,375,423339,52500,1802,31,56396,55625,1798,125,225585,55687,2518,31,78735,48937,1506,515,800781,48937,1802,31,56396,51187,1004,31,31311,51250,3292,265,667968,56250,2508,31,78613,56187,967904,657776,919832,12868,246732,0,153812,129396,23636,168,130176,129228,8,0,205536,140620,762368,517156,0,0,0,0,23552,4672,188,21712,17040,4672,624,540,0,0,0,483952,38412,245760,3180,131656,
1421625409428772,1012,62,78979,47500,1002,312,345703,52500,1799,31,84716,55687,1794,93,169189,55687,2518,31,117919,48937,1506,531,800781,48937,1803,31,56396,51187,1003,31,31372,51187,3294,-500,617187,56250,2505,31,78491,56250,967904,657720,919780,12868,246732,0,153848,129396,23672,168,130176,129228,8,0,205536,140620,762368,517100,0,0,0,0,23656,4656,188,21716,17044,4672,632,552,0,0,0,483952,38412,245760,3180,131656,
1421625411554240,1007,62,62988,47500,1001,328,329589,52437,1801,31,56396,55625,1795,93,168945,55687,2518,46,78735,48937,1505,531,776367,48937,1806,31,56396,51187,1002,31,31372,51187,3295,203,615234,56250,2510,31,78491,56187,967904,657752,919812,12868,246732,0,153872,129396,23696,168,130176,129228,8,0,205536,140620,762368,517132,0,0,0,0,23676,4656,188,21724,17044,4680,632,552,0,0,0,483952,38412,245760,3180,131656,
1421625413641903,1011,78,79101,47437,1006,312,329589,52437,1805,31,56335,55625,1792,93,196289,55687,2519,31,78735,48937,1505,515,776367,48937,1799,31,56335,51187,1005,31,31433,51187,3291,156,618164,56250,2513,31,78491,56187,967904,657752,919820,12876,246732,0,153872,129404,23696,168,130176,129236,8,0,205536,140620,762368,517132,0,0,20,0,23676,4656,188,21724,17044,4680,632,552,0,0,0,483952,38412,245760,3180,131656,
1421625415734986,1009,93,63110,47437,1001,406,439453,52437,1806,31,56274,55625,1802,109,168945,55687,2512,46,78369,48937,1507,500,752929,48937,1805,31,56213,51187,1002,31,31372,51187,3291,171,668945,56250,2512,31,78613,56250,967904,657752,919820,12876,246732,0,153872,129404,23696,168,130176,129236,8,0,205536,140620,762368,517132,0,0,20,0,23676,4656,188,21728,17044,4684,632,552,0,0,0,483952,38412,245760,3180,131656,
1421625417814318,1010,46,31555,47437,1006,343,345214,52437,1805,31,56335,55625,1802,109,168457,55625,2515,31,78247,48937,1507,515,776367,48937,1803,31,56335,51187,1001,31,31311,51187,3288,171,462890,56250,2510,31,78491,56250,967904,657720,919788,12876,246732,0,153876,129404,23700,168,130176,129236,8,0,205536,140620,762368,517100,0,0,20,0,23680,4656,188,21736,17044,4692,632,552,0,0,0,483952,38412,245760,3180,131656,
1421625419880581,1012,78,47363,47437,1004,343,345214,52437,1806,31,56396,55625,1802,109,168945,55625,2509,31,78369,48937,1506,515,775390,48937,1798,31,56396,51187,1005,31,31372,51187,3292,218,925781,56250,2512,31,78369,56250,967904,657752,919816,12876,246732,0,153876,129404,23700,168,130176,129236,8,0,205536,140620,762368,517132,0,0,0,0,23680,4656,188,21732,17040,4692,632,552,0,0,0,483952,38412,245760,3180,131656,
1421625421953665,1007,62,63232,47375,1004,343,345214,52437,1809,46,56335,55625,1802,78,168945,55625,2513,31,78247,48937,1507,531,800781,48937,1802,31,56396,51187,1002,31,31372,51187,3292,218,770507,56250,2512,31,78491,56250,967904,657752,919816,12876,246732,0,153876,129404,23700,168,130176,129236,8,0,205536,140620,762368,517132,0,0,0,0,23680,4656,188,21732,17040,4692,632,552,0,0,0,483952,38412,245760,3180,131656,
1421625424043227,1008,62,63110,47437,1003,328,344726,52437,1796,46,56518,55562,1802,93,196777,55625,2516,31,118041,48937,1506,531,777343,48937,1803,31,56396,51187,1004,31,31433,51187,3290,265,822265,56250,2512,31,78491,56250,967904,657752,919816,12876,246732,0,153876,129404,23700,168,130176,129236,8,0,205536,140620,762368,517132,0,0,0,0,23684,4656,188,21728,17040,4688,632,552,0,0,0,483952,38412,245760,3180,131656,
1421625426124199,1010,62,63110,47437,1002,359,344726,52437,1803,31,56396,55625,1801,93,167968,55687,2518,46,78735,48937,1508,515,776367,48937,1803,31,56396,51187,1004,31,31372,51187,3288,156,514648,56250,2516,31,78491,56250,967904,657752,919816,12876,246732,0,153876,129404,23700,168,130176,129236,8,0,205536,140620,762368,517132,0,0,0,0,23680,4656,188,21728,17040,4688,632,552,0,0,0,483952,38412,245760,3180,131656,
1421625428215586,1009,62,78979,47500,999,343,359863,52437,1802,31,56396,55625,1799,125,196777,55687,2507,31,78247,48937,1503,500,776367,48875,1806,31,56396,51187,1004,31,31372,51187,3294,234,770507,56250,2510,31,78491,56250,967904,657752,919816,12876,246732,0,153876,129404,23700,168,130176,129236,8,0,205536,140620,762368,517132,0,0,0,0,23680,4656,188,21728,17040,4688,632,552,0,0,0,483952,38412,245760,3180,131656,
1421625430293406,1010,93,63110,47500,1004,343,344726,52500,1806,31,56335,55687,1801,109,224853,55687,2508,31,117553,48937,1504,515,776367,48875,1799,31,56335,51187,1004,31,31372,51187,3290,109,308593,56250,2513,31,78613,56250,967904,657752,919816,12876,246732,0,153880,129404,23704,168,130176,129236,8,0,205536,140620,762368,517132,0,0,0,0,23684,4656,188,21728,17040,4688,632,552,0,0,0,483952,38412,245760,3180,131656,
1421625432380756,1013,62,63232,47500,1005,359,361328,52500,1805,31,56457,55625,1799,93,168945,55687,2508,31,117553,48937,1506,515,776367,48937,1796,31,56396,51187,1003,31,31433,51187,3294,156,565429,56250,2512,31,78369,56250,967904,657720,919784,12876,246732,0,153880,129404,23704,168,130176,129236,8,0,205536,140620,762368,517100,0,0,0,0,23684,4656,188,21728,17040,4688,632,552,0,0,0,483952,38412,245760,3180,131656,
1421625434458079,1012,62,63110,47500,1003,359,359863,52437,1806,31,56518,55625,1798,109,197265,55687,2516,31,78613,48937,1506,515,777343,48937,1799,31,56396,51187,1004,31,31372,51187,3295,234,720703,56250,2512,31,78247,56250,967904,657752,919816,12876,246732,0,153880,129404,23704,168,130176,129236,8,0,205536,140620,762368,517132,0,0,0,0,23684,4656,188,21724,17040,4684,632,552,0,0,0,483952,38412,245760,3180,131656,
1421625436558000,1009,62,63110,47500,1006,359,345703,52500,1798,31,56457,55687,1802,93,168945,55687,2509,46,78369,48937,1506,500,778320,48937,1802,31,56335,51187,1006,31,31433,51187,3292,265,874023,56250,2510,31,78491,56250,967904,657752,919816,12876,246732,0,153880,129404,23704,168,130176,129236,8,0,205536,140620,762368,517132,0,0,0,0,23684,4656,188,21728,17040,4688,632,552,0,0,0,483952,38412,245760,3180,131656,
1421625438649000,1009,62,63232,47500,1003,343,344726,52500,1805,31,56396,55687,1805,93,169189,55687,2508,46,78491,48937,1504,515,798828,48937,1802,31,56396,51187,1004,31,31311,51187,3287,234,773437,56250,2510,31,78369,56250,967904,657752,919816,12876,246732,0,153880,129404,23704,168,130176,129236,8,0,205536,140620,762368,517132,0,0,0,0,23684,4656,188,21728,17040,4688,632,552,0,0,0,483952,38412,245760,3180,131656,
1421625440728977,1010,62,63232,47500,1001,328,329589,52437,1805,31,56274,55625,1801,93,168701,55687,2508,46,78491,48937,1506,500,777343,48937,1803,31,56335,51187,1004,31,31433,51187,3295,171,875000,56250,2509,31,78491,56187,967904,657752,919816,12876,246732,0,153880,129404,23704,168,130176,129236,8,0,205536,140620,762368,517132,0,0,0,0,23684,4656,188,21732,17040,4692,632,552,0,0,0,483952,38412,245760,3180,131656,
1421625442808991,1012,62,79101,47500,1003,281,281250,52500,1802,31,56518,55625,1802,109,169189,55687,2516,46,117919,48937,1506,515,776367,48937,1806,31,56396,51187,1004,31,31372,51187,3290,203,617187,56187,2513,31,78369,56187,967904,657752,919816,12876,246732,0,153880,129404,23704,168,130176,129236,8,0,205536,140620,762368,517132,0,0,0,0,23684,4656,188,21732,17040,4692,632,552,0,0,0,483952,38412,245760,3180,131656,
1421625444903234,1009,62,62988,47500,1005,437,423828,52437,1805,31,56518,55625,1799,78,168945,55687,2518,31,78857,48937,1507,500,752929,48875,1803,31,56213,51187,1002,31,31433,51187,3290,109,360351,56187,2515,31,78491,56187,967904,650328,912464,12892,246796,0,161608,129344,31308,168,130300,129176,8,0,205536,139120,762368,511208,0,0,64,0,31296,6804,188,21744,17048,4696,656,608,0,0,0,483952,44140,245760,3180,131656,
1421625446960595,1009,46,47485,47437,1005,406,406250,52437,1802,31,84716,55625,1799,93,169189,55687,2502,31,78491,48937,1507,500,752929,48937,1799,31,56396,51187,1003,31,31372,51187,3288,187,617187,56187,2510,31,78491,56187,967904,639184,901820,12892,247260,0,172300,129348,41524,168,130776,129180,8,0,205536,136540,762368,502644,0,0,528,0,41588,7988,188,21780,17068,4712,664,648,0,0,0,483952,60596,245760,3180,131656,
1421625449018288,1008,62,63110,47437,1003,406,423339,52437,1801,31,56396,55625,1802,93,168701,55687,2510,31,78369,48875,1507,531,777343,48875,1798,31,56396,51187,1004,31,31433,51187,3296,218,667968,56187,2507,31,78491,56125,967904,635364,898016,12900,247268,0,176752,129348,45964,168,130788,129180,8,0,205536,135580,762368,499784,0,0,72,0,45964,8052,188,21804,17072,4732,664,668,0,0,0,483952,64688,245760,3180,131656,
1421625451076441,1010,62,63110,47500,1006,421,439941,52437,1805,31,56213,55625,1798,125,225341,55687,2519,31,78735,48937,1506,515,753906,48875,1802,31,56335,51187,1004,31,31433,51187,3284,187,565429,56125,2510,31,78491,56125,967904,645236,907516,12900,246892,0,166176,129352,35764,168,130412,129184,8,0,205536,137920,762368,507316,0,0,172,0,35732,6936,188,21804,17072,4732,664,628,0,0,0,483952,50280,245760,3180,131656,
1421625453134760,1010,62,63232,47500,1001,421,407714,52437,1808,31,56396,55625,1801,109,225585,55687,2509,31,78369,48937,1507,500,800781,48875,1803,31,56396,51187,1004,31,31372,51187,3295,125,667968,56187,2510,31,78491,56125,967904,642616,906008,12908,247952,0,168704,129424,37252,168,131452,129256,8,0,205536,137500,762368,505116,0,0,1240,0,37248,6936,188,21804,17072,4732,664,636,0,0,0,483952,90256,245760,3180,131656,
1421625455192398,1009,62,62866,47500,1004,437,438964,52437,1802,31,56396,55687,1802,109,197265,55687,2516,78,156982,48937,1507,515,752929,48875,1798,31,56213,51125,1004,31,31311,51187,3291,140,411621,56187,2513,31,78491,56125,967904,640896,904292,12908,248008,0,169848,129360,38328,168,131520,129192,8,0,205536,137020,762368,503876,0,0,1288,0,38308,7204,188,21808,17072,4736,664,640,0,0,0,483952,54400,245760,3180,131656,
1421625457249575,1010,62,47302,47437,1004,437,454589,52437,1803,31,56396,55625,1795,125,225830,55687,2508,31,78369,48937,1506,500,777343,48875,1806,31,56396,51125,1002,31,31433,51187,3291,93,411621,56187,2510,31,78613,56125,967904,636356,899804,12908,248052,0,174952,129372,43392,168,131560,129204,8,0,205536,136060,762368,500296,0,0,1332,0,43392,7204,188,21752,17072,4680,664,648,0,0,0,483952,59324,245760,3180,131656,
1421625459310935,1010,46,47241,47437,1004,437,454101,52437,1806,31,56335,55625,1798,125,197265,55687,2519,31,118041,48937,1507,500,729492,48875,1805,31,56335,51125,1004,31,31372,51187,3294,156,668945,56187,2513,31,78369,56125,967904,637040,900492,12916,248048,0,173576,129376,42016,168,131560,129208,8,0,205536,136036,762368,501004,0,0,1332,0,41992,7204,188,21752,17072,4680,664,652,0,0,0,483952,59324,245760,3180,131656,
1421625461368315,1009,46,47363,47437,1004,421,423828,52375,1806,31,56396,55687,1802,125,225341,55625,2505,46,78491,48937,1507,515,777343,48875,1803,31,56213,51125,1004,31,31372,51187,3292,203,668945,56187,2512,31,78369,56125,967904,637100,900544,12916,248052,0,173508,129380,41948,168,131560,129212,8,0,205536,136060,762368,501040,0,0,1336,0,41928,7204,188,21708,17060,4648,664,648,0,0,0,483952,59324,245760,3180,131656,
1421625463425307,1010,78,78979,47437,1004,437,423828,52437,1806,31,56396,55625,1799,109,168945,55625,2520,31,78735,48937,1508,515,799804,48875,1801,31,56396,51187,1004,31,31372,51187,3296,312,1080078,56187,2512,31,78491,56125,967904,637216,900668,12916,248052,0,173508,129380,41948,168,131560,129212,8,0,205536,136060,762368,501156,0,0,1132,60,41928,7204,188,21716,17068,4648,664,648,0,0,0,483952,59324,245760,3180,131656,
1421625465483995,1008,78,62988,47437,1003,437,438476,52437,1802,31,84716,55625,1803,93,224365,55625,2510,46,78491,48937,1505,546,824218,48875,1808,31,56213,51125,1006,31,31372,51187,3292,234,462402,56187,2513,31,78491,56125,967904,637216,900676,12924,248052,0,173508,129388,41948,168,131560,129220,8,0,205536,136060,762368,501156,0,0,1144,0,41928,7204,188,21716,17068,4648,664,648,0,0,0,483952,59324,245760,3180,131656,
1421625467552618,1008,62,47302,47437,1001,406,423828,52437,1798,31,56335,55625,1802,125,168945,55625,2512,31,117553,48937,1506,593,776367,48875,1799,31,56213,51187,1004,31,31433,51187,3294,265,719726,56187,2510,31,78491,56125,967904,637184,900644,12924,248060,0,173508,129388,41948,168,131560,129220,8,0,205536,136060,762368,501124,0,0,1152,0,41928,7204,188,21712,17068,4644,664,648,0,0,0,483952,59324,245760,3180,131656,
1421625469610255,1009,62,63232,47437,1001,421,439941,52437,1806,31,56457,55625,1802,93,168945,55625,2510,31,78491,48937,1505,500,778320,48875,1803,31,56213,51187,1004,31,31372,51187,3294,203,667968,56125,2516,31,78491,56125,967904,637092,900556,12928,248060,0,173508,129392,41948,168,131560,129224,8,0,205536,136060,762368,501032,0,0,24,1072,41928,7204,188,21712,17068,4644,664,648,0,0,0,483952,59324,245760,3180,131656,
1421625471667892,1010,46,63232,47437,1004,453,454589,52437,1803,46,56396,55562,1798,109,224853,55625,2518,31,78735,48937,1508,531,776367,48875,1802,31,56213,51187,1002,31,31372,51187,3292,140,720703,56125,2513,31,78491,56125,967904,637092,900564,12932,248060,0,173516,129392,41948,168,131568,129224,8,0,205536,136060,762368,501032,0,0,24,0,41928,7204,188,21716,17068,4648,664,648,0,0,0,483952,59324,245760,3180,131656,
1421625473725088,1007,62,47485,47437,1003,437,438476,52437,1802,31,56396,55562,1801,93,168945,55625,2509,31,78247,48937,1506,515,776367,48937,1805,31,56213,51187,1003,31,31433,51187,3294,203,875000,56125,2512,31,78491,56125,967904,637092,900564,12932,248068,0,173516,129392,41948,168,131568,129224,8,0,205536,136060,762368,501032,0,0,32,0,41928,7204,188,21716,17068,4648,664,648,0,0,0,483952,59324,245760,3180,131656,
1421625475782504,1010,62,47363,47437,1000,421,422363,52437,1802,31,56457,55562,1801,109,168945,55625,2510,31,78491,48937,1507,515,823242,48937,1805,31,56213,51187,1004,31,31433,51187,3287,203,565429,56125,2512,31,78369,56125,967904,637224,900700,12940,248068,0,173516,129400,41948,168,131568,129232,8,0,205536,136060,762368,501164,0,0,32,0,41928,7204,188,21676,17064,4612,664,648,0,0,0,483952,59324,245760,3180,131656,
1421625477840215,1010,46,63232,47437,1001,437,438964,52437,1806,31,56335,55562,1805,109,168945,55625,2512,31,78369,48937,1505,500,778320,48937,1798,31,56396,51187,1004,31,31372,51187,3287,265,719726,56125,2515,31,78369,56125,967904,637192,900668,12940,248068,0,173516,129400,41948,168,131568,129232,8,0,205536,136060,762368,501132,0,0,32,0,41928,7204,188,21676,17064,4612,664,648,0,0,0,483952,59324,245760,3180,131656,
1421625480986400,1012,62,63232,47375,1004,421,422363,52437,1805,31,56335,55562,1801,93,168945,55625,2508,62,117553,48937,1506,500,752929,48937,1795,31,56396,51125,1004,31,31433,51187,3292,265,823242,56125,2512,31,78491,56125,967904,639636,902244,12948,247160,0,171968,129408,41296,168,130672,129240,8,0,205536,136300,762368,503336,0,0,300,0,41320,8052,188,21788,17084,4704,664,652,0,0,0,483952,58656,245760,3180,131656,
1421625483004556,1007,62,63110,47437,1006,437,440429,52375,1806,31,56335,55562,1801,93,168945,55562,2510,46,117675,48937,1506,515,753906,48937,1796,31,56335,51125,1004,31,31433,51187,3294,156,617187,56125,2510,31,78491,56125,967904,639604,902224,12948,247172,0,171824,129408,41140,168,130684,129240,8,0,205536,136420,762368,503184,0,0,312,0,41108,8052,188,21788,17084,4704,664,652,0,0,0,483952,60120,245760,3180,131656,
1421625485061954,1010,78,62988,47437,1007,421,407226,52437,1798,31,56152,55562,1802,125,225341,55562,2513,31,78491,48937,1506,515,800781,48875,1806,31,56396,51125,1002,31,31433,51187,3294,171,617187,56125,2510,31,78369,56125,967904,644120,906632,12956,247064,0,167180,129408,36604,168,130576,129240,8,0,205536,137260,762368,506860,0,0,188,0,36600,6992,188,21756,17084,4672,664,628,0,0,0,483952,52600,245760,3180,131656,
1421625487119075,1010,78,63110,47437,1004,453,455078,52437,1796,46,56396,55562,1801,109,225585,55562,2515,31,78735,48937,1507,500,753906,48875,1803,31,56213,51187,1004,31,31311,51187,3291,203,617187,56125,2510,31,78491,56125,967904,639564,902748,12956,247932,0,171036,130064,40444,168,130592,129896,8,0,205536,136300,762368,503264,0,0,1076,0,40412,6992,188,21764,17084,4680,664,640,0,0,0,483952,56400,245760,3180,131656,
1421625489186039,1010,31,47302,47437,1002,453,485351,52437,1806,31,56518,55625,1802,93,168701,55625,2504,46,117553,48937,1507,515,752929,48875,1796,31,56457,51125,1005,31,31433,51187,3298,187,668945,56125,2512,31,78491,56125,967904,640300,904056,12956,248300,0,171072,129420,39264,168,131808,129252,8,0,205536,136540,762368,503760,0,0,1444,0,39276,7120,188,21764,17084,4680,664,640,0,0,0,483952,55572,245760,3180,131656,
1421625495608357,1006,62,62988,47437,1005,468,455566,52375,1805,31,56396,55562,1803,109,197265,47437,2507,31,78369,48937,1505,500,777343,48937,1802,31,56152,51125,1001,31,31372,51187,3290,234,668945,56125,2508,31,78613,56125,967904,633616,897428,12972,248352,0,177452,129448,45604,168,131848,129280,8,0,205536,134560,762368,499056,0,0,1496,0,45644,7244,188,21712,17072,4640,664,656,0,0,0,483952,62528,245760,3180,131656,
1421625497718028,1007,62,62866,47437,1001,421,407226,52375,1806,31,56335,55562,1801,93,197265,55625,2516,31,117797,48937,1506,515,800781,48937,1803,46,56335,51125,1004,31,31433,51187,3292,187,617187,56125,2512,31,78491,56125,967904,633276,897088,12972,248352,0,177996,129448,46148,168,131848,129280,8,0,205536,134500,762368,498776,0,0,1496,0,46140,7244,188,21712,17072,4640,664,656,0,0,0,483952,62528,245760,3180,131656,
1421625499776440,1010,62,47363,47437,1004,437,454101,52437,1803,31,56274,55500,1795,78,168701,55562,2518,31,78613,48937,1506,531,777343,48937,1806,31,56396,51187,1002,31,31372,51187,3296,203,719726,56125,2509,31,78491,56125,967904,633308,897120,12980,248344,0,178008,129448,46160,168,131848,129280,8,0,205536,134500,762368,498808,0,0,1452,0,46140,7244,188,21712,17072,4640,664,656,0,0,0,483952,62528,245760,3180,131656,
1421625501834667,1009,78,63232,47437,1004,421,407226,52375,1806,31,56396,55562,1798,93,197021,55625,2512,46,157226,48937,1505,515,800781,48937,1803,31,56396,51187,1003,31,31433,51187,3290,203,719726,56187,2510,31,78369,56125,967904,633308,897128,12980,248352,0,178008,129456,46160,168,131848,129288,8,0,205536,134500,762368,498808,0,0,1452,0,46140,7244,188,21708,17072,4636,664,656,0,0,0,483952,62528,245760,3180,131656,
1421625503893207,1009,78,63110,47437,1002,437,438476,52375,1808,31,56457,55562,1802,109,168945,55625,2516,46,78613,48937,1506,531,799804,48937,1803,31,56396,51187,1002,31,31372,51187,3294,171,514648,56125,2512,31,78491,56125,967904,633308,897128,12980,248352,0,178008,129456,46160,168,131848,129288,8,0,205536,134500,762368,498808,0,0,1452,0,46140,7244,188,21712,17072,4640,664,656,0,0,0,483952,62528,245760,3180,131656,
1421625505951987,1010,46,47241,47437,1007,437,423828,52437,1802,31,56518,55562,1803,93,168945,55625,2519,31,118164,48937,1505,515,753906,48937,1806,31,56335,51187,1006,31,31372,51187,3294,218,823242,56125,2509,31,78613,56125,967904,633184,897012,12988,248352,0,178008,129464,46160,168,131848,129296,8,0,205536,134500,762368,498684,0,0,1452,0,46140,7244,188,21712,17072,4640,664,656,0,0,0,483952,62528,245760,3180,131656,
1421625508010159,1009,62,62866,47437,1002,437,439453,52437,1805,31,56457,55562,1792,109,169189,55625,2510,31,117309,48937,1505,531,776367,48937,1805,31,56518,51187,1004,31,31372,51187,3296,187,720703,56125,2509,31,78369,56125,967904,633184,897012,12988,248352,0,178008,129464,46160,168,131848,129296,8,0,205536,134500,762368,498684,0,0,1452,0,46140,7244,188,21716,17072,4644,664,656,0,0,0,483952,62528,245760,3180,131656,
1421625510068018,1009,46,31555,47437,1001,437,424316,52437,1808,31,56457,55562,1803,109,225341,55625,2508,31,78369,48937,1506,546,824218,48937,1801,31,56396,51187,1002,31,31433,51187,3292,187,721679,56187,2515,31,78369,56125,967904,633144,896980,12996,248344,0,178008,129464,46160,168,131848,129296,8,0,205536,134500,762368,498644,0,0,1448,0,46140,7244,188,21736,17080,4656,664,656,0,0,0,483952,62528,245760,3180,131656,
1421625512127406,1010,93,63232,47375,1006,453,439453,52437,1806,31,56335,55625,1795,93,168945,55562,2518,46,118041,48937,1506,500,753906,48937,1806,31,56152,51187,1004,31,31433,51187,3292,62,257324,56187,2510,31,78491,56187,967904,633176,897020,12996,248352,0,178008,129472,46160,168,131848,129304,8,0,205536,134500,762368,498676,0,0,1456,0,46140,7244,188,21736,17080,4656,664,656,0,0,0,483952,62528,245760,3180,131656,
1421625514188988,1010,78,78735,47375,1001,421,422363,52375,1805,31,56396,55562,1805,109,168701,55625,2513,46,78613,49000,1507,515,776367,48937,1801,31,56335,51187,1004,31,31372,51187,3291,234,771484,56187,2512,31,78369,56187,967904,633176,897020,12996,248360,0,178008,129472,46160,168,131848,129304,8,0,205536,134500,762368,498676,0,0,1404,60,46140,7244,188,21740,17080,4660,664,656,0,0,0,483952,62528,245760,3180,131656,
1421625516247344,1011,62,63232,47437,1006,421,438476,52437,1806,31,56518,55562,1799,109,196533,55625,2509,31,78491,48937,1505,515,753906,48937,1806,31,56335,51187,1000,31,31372,51187,3291,218,720703,56187,2509,31,78369,56125,967904,633144,897004,13004,248360,0,178016,129480,46160,168,131856,129312,8,0,205536,134500,762368,498644,0,0,1412,0,46140,7244,188,21748,17080,4668,664,656,0,0,0,483952,62528,245760,3180,131656,
1421625518305793,1011,62,62988,47375,1006,437,439453,52375,1799,31,56396,55562,1801,93,168945,55562,2509,31,78613,48937,1507,515,777343,48937,1798,31,56396,51187,1005,31,31433,51187,3291,171,618164,56187,2512,31,78369,56125,967904,633732,897592,13004,248360,0,177292,129480,45436,168,131856,129312,8,0,205536,134800,762368,498932,0,0,1412,0,45416,7244,188,21740,17080,4660,664,656,0,0,0,483952,62528,245760,3180,131656,
1421625520364444,1010,62,63110,47437,1006,421,424316,52437,1803,31,56396,55562,1795,109,168945,55562,2508,46,78491,48937,1506,546,824218,48937,1796,31,56152,51187,1003,31,31372,51187,3295,171,513671,56187,2512,31,78491,56125,967904,633840,897708,13012,248360,0,177192,129488,45336,168,131856,129320,8,0,205536,134800,762368,499040,0,0,36,0,45316,7244,188,21756,17080,4676,664,652,0,0,0,483952,62528,245760,3180,131656,
1421625522433048,1010,78,63232,47437,1003,406,423828,52437,1802,46,56396,55562,1794,93,168945,55562,2510,46,117553,49000,1507,546,776367,48937,1805,31,56274,51187,1005,31,31311,51187,3287,78,308593,56187,2507,31,78613,56125,967904,633840,897708,13012,248360,0,177192,129488,45336,168,131856,129320,8,0,205536,134800,762368,499040,0,0,36,0,45316,7244,188,21732,17080,4652,664,652,0,0,0,483952,62528,245760,3180,131656,
1421625524490889,1011,46,63232,47437,1001,437,454101,52437,1805,31,56457,55562,1802,109,197265,55562,2510,46,78369,49000,1506,531,777343,48937,1806,31,56274,51187,1004,31,31311,51187,3295,156,513671,56187,2512,31,78369,56187,967904,633840,897708,13012,248360,0,177192,129488,45336,168,131856,129320,8,0,205536,134800,762368,499040,0,0,24,0,45316,7244,188,21732,17080,4652,664,652,0,0,0,483952,62528,245760,3180,131656,
1421625526549521,1007,62,63110,47437,1004,437,439453,52437,1808,31,56335,55562,1799,93,197021,55562,2510,31,78369,49000,1507,500,800781,48937,1802,31,56213,51125,1003,31,31372,51187,3294,187,874023,56187,2508,31,78491,56125,967904,633840,897716,13020,248360,0,177192,129496,45336,168,131856,129328,8,0,205536,134800,762368,499040,0,0,24,0,45316,7244,188,21724,17080,4644,664,652,0,0,0,483952,62528,245760,3180,131656,
1421625528606974,1011,46,63110,47437,1002,406,407714,52437,1803,31,56396,55562,1801,109,224853,55625,2510,31,78491,49000,1506,531,800781,48937,1801,31,56213,51125,1003,31,31433,51187,3288,218,668945,56187,2512,31,78369,56125,967904,633840,897716,13020,248368,0,177192,129496,45336,168,131856,129328,8,0,205536,134800,762368,499040,0,0,32,0,45316,7244,188,21728,17080,4648,664,652,0,0,0,483952,62528,245760,3180,131656,
1421625530666104,1010,62,47302,47437,1005,437,422363,52375,1802,46,56396,55562,1801,93,196289,55562,2519,46,78735,49000,1506,515,778320,48937,1803,31,56396,51125,1004,31,31372,51187,3288,156,566406,56187,2510,31,78491,56125,967904,633856,897724,13028,248364,0,177192,129496,45336,168,131856,129328,8,0,205536,134800,762368,499056,0,0,32,0,45316,7244,188,21700,17072,4628,664,652,0,0,0,483952,62528,245760,3180,131656,
1421625532723944,1009,62,47241,47437,998,421,438964,52437,1806,31,56396,55562,1795,109,196533,55625,2521,31,78613,49000,1507,500,777343,48937,1802,31,56335,51125,1004,31,31372,51187,3291,250,717773,56187,2510,31,78247,56125,967904,633856,897740,13028,248376,0,177196,129508,45336,168,131860,129340,8,0,205536,134800,762368,499056,0,0,48,0,45316,7244,188,21700,17072,4628,664,652,0,0,0,483952,62528,245760,3180,131656,
1421625534781619,1010,62,63232,47437,1005,437,438964,52437,1796,31,56335,55562,1796,93,224853,55562,2510,31,117553,48937,1502,515,799804,48937,1805,31,56335,51125,1003,31,31372,51187,3299,109,668945,56125,2510,31,78491,56125,967904,633856,897740,13028,248376,0,177196,129508,45336,168,131860,129340,8,0,205536,134800,762368,499056,0,0,48,0,45316,7244,188,21684,17072,4612,664,652,0,0,0,483952,62528,245760,3180,131656,
1421625536839385,1009,46,31616,47437,1002,437,438476,52375,1802,31,56396,55562,1803,109,225341,55562,2504,31,78369,48937,1506,500,777343,48937,1802,31,56396,51125,1004,31,31372,51187,3294,156,514648,56187,2510,31,78491,56187,967904,633856,897748,13036,248376,0,177196,129516,45336,168,131860,129348,8,0,205536,134800,762368,499056,0,0,48,0,45316,7244,188,21684,17072,4612,664,652,0,0,0,483952,62528,245760,3180,131656,
1421625538895917,1005,62,47302,47437,1004,359,345214,52437,1801,31,56335,55562,1794,109,196777,55562,2512,31,78491,48937,1506,515,752929,48937,1806,31,56457,51125,1005,31,31311,51187,3292,203,668945,56125,2510,31,78491,56125,967904,646388,910004,13052,248056,0,163316,130392,32628,168,130688,130224,8,0,205536,137836,762368,508552,0,0,860,104,32540,5768,188,21784,17092,4692,664,632,0,0,0,483952,48028,245760,3180,131656,
1421625540980944,1012,78,78979,47437,1004,328,345703,52437,1806,31,56518,55562,1799,93,196533,55562,2504,46,78247,48937,1507,515,776367,48875,1802,31,56335,51125,1004,31,31433,51187,3290,171,771484,56187,2512,31,78491,56125,967904,636392,899592,13056,247628,0,174768,129504,43616,168,131152,129336,8,0,205536,135880,762368,500512,0,0,476,0,43620,7988,188,21820,17100,4720,664,652,0,0,0,483952,62616,245760,3180,131656,
1421625543059852,1010,62,63110,47437,1004,453,454589,52437,1799,31,56335,55625,1802,93,168945,55562,2509,46,117675,48937,1509,515,776367,48875,1801,31,56274,51187,1004,31,31372,51187,3292,265,823242,56187,2509,31,78613,56125,967904,632756,895964,13060,247640,0,179208,129508,48052,168,131156,129340,8,0,205536,135220,762368,497536,0,0,568,0,48096,8052,188,21820,17100,4720,664,660,0,0,0,483952,67084,245760,3180,131656,
1421625545144143,1009,62,63232,47437,1004,437,439941,52437,1808,31,56396,55562,1801,109,196289,55625,2510,31,78491,48937,1508,515,776367,48875,1799,31,56396,51187,1005,31,31433,51187,3294,203,719726,56187,2515,31,78613,56125,967904,642128,904952,13060,247256,0,169084,129512,38316,168,130768,129344,8,0,205536,137260,762368,504868,0,0,192,0,38296,6908,188,21796,17100,4696,664,668,0,0,0,483952,52640,245760,3180,131656,
1421625547202573,1011,62,78979,47437,1005,437,406250,52437,1803,31,84594,55562,1798,125,168212,55562,2510,46,156494,48937,1507,500,777343,48875,1805,31,56457,51187,1005,31,31433,51250,3290,203,718750,56187,2512,31,78491,56125,967904,638540,901660,13068,247660,0,172884,129788,42100,168,130784,129620,8,0,205536,137020,762368,501520,0,0,600,0,42080,6984,188,21800,17104,4696,664,640,0,0,0,483952,56564,245760,3180,131656,
1421625549259510,1010,46,47241,47437,1006,453,500976,52437,1805,31,56335,55562,1802,93,196777,55625,2510,31,78247,48937,1504,500,752929,48875,1803,31,56335,51250,1002,31,31372,51250,3290,265,823242,56187,2513,31,78613,56125,967904,636524,900268,13068,248156,0,175296,129520,43620,168,131676,129352,8,0,205536,136360,762368,500164,0,0,892,0,43620,6984,188,21792,17104,4688,664,652,0,0,0,483952,58924,245760,3180,131656,
1421625551322419,1009,46,47363,47437,1004,421,437011,52437,1805,31,56274,55562,1799,93,196777,55625,2510,46,78369,48937,1506,500,753906,48937,1805,31,56457,51187,1004,31,31433,51187,3288,218,668945,56125,2509,31,78491,56125,967904,636636,900380,13076,248148,0,174412,129520,42736,168,131676,129352,8,0,205536,136048,762368,500588,0,0,880,0,42688,7184,188,21796,17104,4692,664,652,0,0,0,483952,58924,245760,3180,131656,
1421625553380996,1013,62,78979,47437,1001,421,423339,52437,1803,31,56457,55562,1792,93,168945,55625,2519,31,78613,49000,1506,484,752929,48937,1796,31,56152,51187,1002,31,31372,51250,3291,187,668945,56125,2510,31,78491,56125,967904,636720,900460,13076,248164,0,174332,129528,42656,168,131676,129360,8,0,205536,136060,762368,500660,0,0,920,0,42636,7240,188,21764,17092,4672,664,652,0,0,0,483952,58924,245760,3180,131656,
1421625555439518,1009,62,63110,47500,1006,406,392578,52437,1801,31,56213,55562,1802,109,196777,55625,2505,46,78491,49000,1505,578,871093,48937,1794,31,56213,51187,1006,31,31433,51250,3292,171,719726,56125,2512,31,78613,56125,967904,637456,901216,13076,248188,0,174452,129528,42760,168,131692,129360,8,0,205536,136300,762368,501156,0,0,60,376,42776,7240,188,21768,17096,4672,664,652,0,0,0,483952,58924,245760,3180,131656,
1421625557496971,1009,62,63232,47500,1005,437,439453,52437,1805,31,56335,55562,1802,125,196777,55562,2510,31,117675,48937,1506,531,825195,48937,1802,31,56335,51187,1002,31,31433,51250,3285,140,462890,56125,2512,31,78369,56125,967904,635488,899284,13084,248200,0,176024,129548,44316,168,131708,129380,8,0,205536,135820,762368,499668,0,0,80,0,44312,7240,188,21736,17096,4640,664,652,0,0,0,483952,58924,245760,3180,131656,
1421625561796254,1009,62,94848,47437,1004,453,439941,52437,1802,31,56457,55562,1803,109,197265,55562,2521,31,118041,49000,1506,531,776367,48937,1803,31,56457,51187,1005,31,31372,51250,3294,265,928710,56125,2518,31,78491,56125,967904,636788,900588,13084,248208,0,175276,129548,43564,168,131712,129380,8,0,205536,136120,762368,500668,0,0,88,0,43584,7240,188,21724,17096,4628,664,652,0,0,0,483952,58924,245760,3180,131656,
1421625563836086,1009,31,47363,47437,1002,406,421875,52437,1805,31,56396,55562,1796,125,168457,55625,2512,31,78491,49000,1508,531,776367,48937,1805,31,56335,51187,1004,31,31372,51187,3288,265,874023,56125,2516,31,78491,56125,967904,636724,900536,13092,248208,0,174668,129556,42952,168,131716,129388,8,0,205536,136180,762368,500544,0,0,88,0,42976,7240,188,21736,17096,4640,664,652,0,0,0,483952,58924,245760,3180,131656,
1421625565894461,1009,46,47363,47437,1004,453,438964,52437,1805,31,56335,55562,1795,93,140625,55625,2509,31,78369,49000,1507,515,753906,48937,1803,31,56396,51187,1004,31,31372,51250,3295,171,411621,56125,2505,31,78491,56125,967904,636724,900532,13092,248216,0,174804,129556,43088,168,131716,129388,8,0,205536,136180,762368,500544,0,0,96,0,43112,7240,188,21732,17092,4640,664,652,0,0,0,483952,58924,245760,3180,131656,
1421625569007542,1009,62,63232,47437,1005,437,439941,52375,1808,31,56213,55625,1801,93,197265,55625,2509,46,78369,49000,1507,593,917968,48937,1796,31,56396,51187,1004,31,31433,51187,3294,218,667968,56125,2509,31,78613,56125,967904,636504,900336,13100,248224,0,175372,129564,43640,168,131732,129396,8,0,205536,136240,762368,500264,0,0,104,0,43676,7240,188,21732,17092,4640,664,656,0,0,0,483952,58924,245760,3180,131656,
1421625571070617,1006,62,47363,47375,1003,453,455566,52437,1799,31,56396,55562,1792,93,169189,55625,2510,46,78369,49000,1508,500,799804,48937,1801,31,56457,51187,1004,31,31433,51187,3291,171,720703,56187,2513,31,78613,56125,967904,636536,900364,13100,248232,0,175320,129564,43588,168,131732,129396,8,0,205536,136240,762368,500296,0,0,112,0,43616,7240,188,21716,17088,4628,664,656,0,0,0,483952,58924,245760,3180,131656,
1421625573128844,1009,46,47180,47437,1003,437,437500,52437,1808,46,56518,55562,1801,93,197265,55625,2519,31,78857,49000,1507,593,917968,48937,1802,31,56396,51187,1005,31,31372,51187,3292,156,412109,56125,2512,31,78613,56125,967904,636536,900372,13108,248232,0,175368,129564,43628,168,131740,129396,8,0,205536,136240,762368,500296,0,0,112,0,43612,7240,188,21720,17088,4632,664,656,0,0,0,483952,58924,245760,3180,131656,
1421625575186426,1009,46,63110,47437,1003,421,438964,52375,1806,31,56640,55625,1799,125,197265,55625,2513,31,78369,48937,1506,609,868164,48937,1799,31,84472,51187,1004,31,31433,51187,3294,203,618164,56125,2512,31,78491,56125,967904,636504,900356,13108,248240,0,175340,129572,43592,168,131748,129404,8,0,205536,136240,762368,500264,0,0,120,0,43604,7240,188,21720,17088,4632,664,656,0,0,0,483952,58924,245760,3180,131656,
1421625577244727,1010,93,62988,47437,1004,437,438964,52437,1803,46,84594,55625,1795,109,225341,55625,2520,46,78369,48937,1503,578,823242,48937,1798,31,56396,51187,1004,31,31372,51187,3290,171,514648,56125,2510,31,78491,56125,967904,636416,900276,13108,248248,0,175316,129576,43564,168,131752,129408,8,0,205536,136120,762368,500296,0,0,132,0,43612,7240,188,21720,17088,4632,664,656,0,0,0,483952,58924,245760,3180,131656,
1421625579303083,1008,62,63110,47375,1003,437,438964,52437,1809,31,56518,55625,1798,109,197265,55625,2512,31,78369,49000,1504,656,891601,48937,1803,31,56396,51187,1004,31,31311,51187,3292,125,257324,56187,2512,31,78491,56125,967904,635988,899876,13116,248256,0,175004,129644,43304,168,131700,129476,8,0,205536,135880,762368,500108,0,0,180,0,43260,7012,188,21732,17100,4632,664,712,0,0,0,483952,58960,245760,3180,131656,
1421625581360260,1009,46,47241,47437,1000,421,391113,52437,1808,31,56335,55625,1795,125,224365,55625,2512,31,78369,49000,1509,484,752929,48937,1806,31,56274,51187,1004,31,31372,51187,3288,234,668945,56125,2507,31,78491,56125,967904,647632,910664,13116,247404,0,163316,129632,32460,168,130856,129464,8,0,205536,138208,762368,509424,0,0,88,0,32484,5784,188,21736,17100,4636,664,556,0,0,0,483952,46564,245760,3180,131656,
1421625583419538,1011,78,78979,47437,1006,437,408203,52437,1798,31,56518,55625,1798,109,168945,55687,2516,31,118041,49000,1506,500,752929,48937,1806,31,56335,51187,1003,31,31372,51187,3288,281,875000,56125,2512,31,78491,56125,967904,637524,900748,13124,247576,0,174100,129644,43072,168,131028,129476,8,0,205536,135880,762368,501644,0,0,404,0,43064,8052,188,21820,17108,4712,664,660,0,0,0,483952,61360,245760,3180,131656,
1421625585476604,1011,62,63110,47437,1005,437,455566,52437,1806,31,56396,55562,1805,93,168457,55625,2516,31,78613,49000,1508,546,869140,48937,1803,31,56335,51187,1004,31,31433,51187,3287,281,669921,56125,2510,31,78491,56125,967904,636664,899900,13124,247588,0,174212,129644,43172,168,131040,129476,8,0,205536,135820,762368,500844,0,0,328,0,43152,8052,188,21820,17108,4712,664,660,0,0,0,483952,62528,245760,3180,131656,
1421625587534628,1009,62,62866,47437,1005,437,454589,52437,1803,31,56396,55625,1801,93,196289,55625,2510,31,78369,49000,1504,515,776367,48937,1802,31,56152,51187,1005,31,31372,51187,3290,156,514648,56125,2510,31,78491,56125,967904,644284,907412,13132,247476,0,166548,129680,35652,168,130896,129512,8,0,205536,137680,762368,506604,0,0,220,0,35636,6864,188,21824,17108,4716,664,676,0,0,0,483952,71204,245760,3180,131656,
1421625589591252,1009,62,62988,47437,1002,437,437500,52437,1805,31,56518,55562,1802,109,168945,55625,2508,31,78613,49000,1506,515,800781,48937,1799,31,56396,51187,1003,31,31372,51187,3295,281,719726,56125,2507,31,78613,56125,967904,638432,901584,13132,247496,0,172608,129652,41660,168,130948,129484,8,0,205536,136540,762368,501892,0,0,20,0,41680,6928,188,21804,17108,4696,664,648,0,0,0,483952,56220,245760,3180,131656,
1421625591653202,1012,46,47363,47437,1006,406,408691,52437,1806,31,84716,55562,1801,109,169189,55625,2512,31,117675,49000,1507,515,777343,48937,1802,31,56396,51187,1002,31,31372,51187,3288,203,772460,56125,2513,31,78613,56125,967904,636156,900284,13132,248472,0,174776,129652,42852,168,131924,129484,8,0,205536,135760,762368,500396,0,0,992,0,42812,6928,188,21816,17108,4708,664,728,0,0,0,483952,79152,245760,3180,131656,
1421625593709475,1011,62,63110,47500,1000,421,439453,52437,1806,31,56457,55625,1805,109,196777,55625,2513,31,78613,49000,1506,500,776367,48937,1802,31,56213,51187,1004,31,31433,51187,3292,187,566406,56125,2512,31,78491,56125,967904,629820,893944,13140,248472,0,181196,129652,49272,168,131924,129484,8,0,205536,134260,762368,495560,0,0,992,0,49304,6928,188,21796,17104,4692,664,664,0,0,0,483952,65308,245760,3180,131656,
1421625595773159,1011,62,62866,47437,1004,437,439453,52437,1803,31,56518,55625,1799,125,196777,55625,2513,31,118164,49000,1507,500,800781,48937,1801,31,56396,51187,1003,31,31433,51187,3294,156,411132,56125,2513,31,78369,56125,967904,629084,893216,13140,248472,0,181960,129660,50036,168,131924,129492,8,0,205536,134020,762368,495064,0,0,1028,0,50096,6928,188,21796,17104,4692,664,664,0,0,0,483952,65308,245760,3180,131656,
1421625598937592,1009,78,94726,47437,1001,453,454589,52437,1799,31,84716,55625,1802,93,197265,55687,2508,31,78369,49000,1507,515,776367,48937,1802,31,56396,51187,1004,31,31372,51187,3288,250,668945,56125,2510,31,78369,56062,967904,628232,892360,13140,248472,0,183368,129660,51444,168,131924,129492,8,0,205536,133780,762368,494452,0,0,1028,0,51408,6928,188,21780,17100,4680,664,668,0,0,0,483952,65308,245760,3180,131656,
1421625600994916,1006,62,63110,47437,1006,406,406738,52437,1805,31,56396,55625,1805,93,196289,55625,2518,31,78613,48937,1507,593,918945,48937,1796,31,56396,51187,1004,31,31372,51187,3292,187,719726,56125,2513,31,78491,56062,967904,634972,899100,13140,248480,0,176000,129660,44076,168,131924,129492,8,0,205536,135220,762368,499752,0,0,1036,0,44056,7088,188,21780,17100,4680,664,656,0,0,0,483952,60088,245760,3180,131656,
1421625603088772,1008,62,47363,47437,1006,421,437500,52437,1806,31,56518,55562,1801,125,225097,55625,2508,31,117675,48937,1506,484,753906,48937,1799,31,56457,51187,1002,31,31372,51187,3291,187,514648,56125,2509,31,78613,56125,967904,635020,899164,13140,248488,0,176016,129660,44076,168,131940,129492,8,0,205536,135220,762368,499800,0,0,1044,0,44056,7188,188,21760,17100,4660,664,656,0,0,0,483952,60088,245760,3180,131656,
1421625605151350,1011,62,63232,47437,1003,406,423339,52437,1806,31,56518,55625,1799,109,168701,55625,2502,31,78491,48937,1507,500,730468,48937,1795,31,56335,51187,1004,31,31433,51187,3294,234,514648,56125,2510,31,78369,56125,967904,635020,899164,13148,248504,0,176016,129660,44076,168,131940,129492,8,0,205536,135220,762368,499800,0,0,1060,0,44056,7196,188,21760,17100,4660,664,656,0,0,0,483952,60088,245760,3180,131656,
1421625607210167,1009,62,78857,47437,1004,437,423828,52437,1806,31,56213,55562,1801,109,168701,55625,2508,31,78369,48937,1506,515,778320,48937,1798,31,56091,51187,1004,31,31311,51187,3295,187,566406,56125,2512,31,78491,56125,967904,629904,894088,13148,248524,0,181144,129680,49180,168,131964,129512,8,0,205536,134320,762368,495584,0,0,1080,0,49208,7196,188,21756,17096,4660,664,664,0,0,0,483952,65796,245760,3180,131656,
1421625609266477,1010,62,63232,47437,1003,421,439941,52437,1803,31,56335,55625,1801,109,224853,55625,2509,31,78247,48937,1507,515,777343,48937,1801,31,56396,51187,1001,31,31433,51187,3296,218,719726,56125,2512,31,78491,56125,967904,628920,893104,13148,248524,0,182104,129680,50140,168,131964,129512,8,0,205536,134080,762368,494840,0,0,1080,0,50132,7196,188,21760,17096,4664,664,664,0,0,0,483952,67776,245760,3180,131656,
1421625611330086,1007,62,63232,47437,1003,421,423828,52437,1805,31,56335,55625,1802,109,197509,55687,2516,31,78613,48937,1506,562,847656,48937,1806,31,56457,51187,1004,31,31372,51187,3290,265,720703,56125,2513,31,78369,56125,967904,628408,892600,13156,248524,0,182232,129688,50268,168,131964,129520,8,0,205536,133840,762368,494568,0,0,1080,0,50252,7196,188,21760,17096,4664,656,668,0,0,0,483952,67776,245760,3180,131656,
1421625613388295,1010,46,62988,47500,1004,421,407226,52437,1805,46,56518,55562,1799,125,197265,55625,2516,31,78735,48937,1506,546,824218,48937,1801,31,56396,51187,1004,31,31372,51187,3291,234,668945,56125,2513,31,78491,56062,967904,628440,892632,13156,248524,0,182288,129688,50324,168,131964,129520,8,0,205536,133840,762368,494600,0,0,1080,0,50340,7196,188,21756,17096,4660,656,664,0,0,0,483952,67776,245760,3180,131656,
1421625615447038,1005,62,63110,47500,1005,375,392089,52500,1803,31,56518,55625,1799,93,168701,55625,2520,31,78613,48937,1506,546,823242,48937,1799,31,56213,51250,1004,31,31372,51250,3287,203,566406,56125,2508,31,78613,56062,967904,628448,892640,13156,248524,0,182288,129688,50324,168,131964,129520,8,0,205536,133840,762368,494608,0,0,1080,0,50340,7196,188,21744,17096,4648,648,664,0,0,0,483952,67776,245760,3180,131656,
1421625617506206,1008,46,78979,47500,1003,437,439941,52437,1799,46,56396,55625,1805,125,168945,55687,2504,31,78369,48937,1504,515,777343,48937,1801,31,56274,51187,1002,31,31433,51187,3296,171,771484,56125,2515,31,78369,56062,967904,628448,892648,13164,248524,0,182288,129696,50324,168,131964,129528,8,0,205536,133840,762368,494608,0,0,1080,0,50340,7196,188,21744,17096,4648,648,664,0,0,0,483952,67776,245760,3180,131656,
1421625619564875,1010,62,63110,47500,1004,421,422363,52437,1806,31,56396,55625,1801,125,197509,55687,2510,31,117675,48937,1506,562,824218,48937,1799,31,56518,51250,1003,31,31433,51250,3295,187,616210,56125,2507,31,78491,56062,967904,628440,892656,13164,248532,0,182292,129700,50324,168,131968,129532,8,0,205536,133840,762368,494600,0,0,1012,0,50340,7196,188,21760,17104,4656,648,664,0,0,0,483952,67776,245760,3180,131656,
1421625621623950,1009,62,78857,47437,1002,421,438964,52437,1802,31,56152,55625,1802,93,169189,55625,2510,31,78247,48937,1507,562,799804,48937,1802,31,56396,51187,1004,31,31372,51250,3285,218,668945,56125,2510,31,78369,56062,967904,628440,892656,13172,248524,0,182292,129700,50324,168,131968,129532,8,0,205536,133840,762368,494600,0,0,1012,0,50340,7196,188,21760,17104,4656,648,664,0,0,0,483952,67776,245760,3180,131656,
1421625623682601,1011,62,63110,47500,1004,421,392578,52437,1802,46,56335,55562,1799,93,197021,55625,2500,31,78369,48937,1506,562,917968,48937,1803,31,56274,51187,1003,31,31372,51250,3296,218,719726,56125,2510,31,78613,56062,967904,630660,894884,13172,248540,0,179564,129708,47596,168,131968,129540,8,0,205536,134248,762368,496412,0,0,1024,0,47612,7196,188,21744,17104,4640,648,664,0,0,0,483952,65428,245760,3180,131656,
1421625625740847,1010,78,78735,47437,998,406,407714,52437,1806,31,56335,55625,1802,93,168945,55625,2516,31,78491,48937,1506,546,799804,48937,1802,31,56396,51187,1004,31,31433,51187,3294,218,668945,56125,2515,31,78613,56062,967904,630596,894828,13172,248540,0,180616,129708,48640,168,131976,129540,8,0,205536,134260,762368,496336,0,0,40,432,48640,7196,188,21752,17104,4648,648,664,0,0,0,483952,65428,245760,3180,131656,
1421625627804161,1009,62,63110,47437,1001,421,423828,52437,1803,31,56396,55562,1792,93,168701,55625,2519,46,118041,48937,1504,531,776367,48937,1803,31,56396,51187,1004,31,31433,51187,3295,234,667968,56125,2508,31,78369,56062,967904,630596,894836,13180,248540,0,180616,129716,48640,168,131976,129548,8,0,205536,134260,762368,496336,0,0,48,0,48640,7196,188,21748,17104,4644,648,664,0,0,0,483952,65428,245760,3180,131656,
1421625629863034,1010,62,78979,47437,1004,390,407714,52437,1806,31,56091,55562,1802,125,224853,55625,2507,31,78491,48937,1505,531,825195,48937,1802,31,56213,51250,1002,31,31372,51250,3295,234,668945,56125,2510,31,78369,56062,967904,630596,894836,13180,248540,0,180616,129716,48640,168,131976,129548,8,0,205536,134260,762368,496336,0,0,48,0,48640,7196,188,21748,17104,4644,648,664,0,0,0,483952,65428,245760,3180,131656,
1421625631921261,1009,78,63232,47437,1002,437,423828,52437,1799,31,56335,55562,1799,109,197509,55625,2516,31,78613,48937,1507,515,800781,48937,1805,31,56396,51250,1004,31,31311,51250,3291,156,770507,56125,2512,31,78613,56125,967904,630604,894844,13188,248540,0,180616,129716,48640,168,131976,129548,8,0,205536,134260,762368,496344,0,0,48,0,48640,7196,188,21740,17104,4636,648,664,0,0,0,483952,65428,245760,3180,131656,
1421625633979875,1009,62,78979,47437,1004,406,408691,52437,1805,31,56396,55562,1805,93,197265,55625,2516,46,78735,48937,1507,546,824218,48937,1803,31,56396,51250,1003,31,31433,51187,3294,156,513671,56125,2512,31,78369,56125,967904,630572,894820,13188,248540,0,180616,129724,48640,168,131976,129556,8,0,205536,134260,762368,496312,0,0,48,0,48640,7196,188,21740,17104,4636,648,664,0,0,0,483952,65428,245760,3180,131656,
1421625636039135,1010,62,47363,47437,1004,453,424316,52437,1805,31,56396,55625,1795,125,225341,55625,2516,46,78735,48937,1504,515,800781,48937,1802,31,56396,51250,1004,31,31311,51187,3292,187,566406,56125,2510,31,78369,56062,967904,630684,894924,13188,248540,0,179752,129724,47776,168,131976,129556,8,0,205536,134260,762368,496424,0,0,48,0,47708,7196,188,21732,17096,4636,648,664,0,0,0,483952,65428,245760,3180,131656,
1421625638096274,1009,46,63110,47500,1005,421,421875,52437,1806,46,56335,55562,1799,93,196777,55625,2519,46,78735,48937,1506,531,799804,48937,1806,31,56396,51187,1003,31,31372,51187,3292,171,667968,56125,2510,31,78369,56062,967904,630604,894852,13196,248540,0,179700,129732,47724,168,131976,129564,8,0,205536,134260,762368,496344,0,0,52,0,47704,7196,188,21740,17096,4644,648,660,0,0,0,483952,65428,245760,3180,131656,
1421625640154151,1010,62,78857,47437,1000,453,454589,52437,1808,31,56396,55625,1802,93,168945,55625,2508,46,117553,48937,1506,515,775390,48875,1803,31,56213,51250,1002,31,31433,51250,3288,156,771484,56125,2512,31,78491,56125,967904,630564,894820,13196,248540,0,179700,129732,47724,168,131976,129564,8,0,205536,134260,762368,496304,0,0,40,0,47704,7196,188,21756,17104,4652,648,660,0,0,0,483952,65428,245760,3180,131656,
1421625642212194,1012,62,78857,47500,1003,421,408691,52437,1806,31,56396,55562,1803,125,196289,55625,2509,31,78491,48937,1505,531,848632,48937,1802,31,56396,51250,1002,31,31433,51250,3290,218,566406,56125,2510,31,78613,56125,967904,630596,894852,13204,248536,0,179700,129732,47724,168,131976,129564,8,0,205536,134260,762368,496336,0,0,44,0,47704,7196,188,21756,17104,4652,648,660,0,0,0,483952,65428,245760,3180,131656,
1421625644270329,1012,62,63110,47437,1001,406,407714,52437,1806,31,56335,55625,1795,125,225097,55625,2518,46,117797,48937,1507,531,798828,48937,1803,31,56396,51187,1003,31,31372,51187,3292,250,824218,56125,2508,31,78369,56125,967904,630604,894868,13204,248548,0,179700,129740,47724,168,131976,129572,8,0,205536,134260,762368,496344,0,0,52,0,47704,7196,188,21744,17104,4640,648,660,0,0,0,483952,65428,245760,3180,131656,
1421625646328759,1010,62,63232,47500,1002,406,423828,52437,1805,31,56457,55625,1796,109,197265,55687,2508,31,78369,48937,1508,515,775390,48937,1803,31,56396,51187,1002,31,31372,51187,3294,140,462890,56125,2513,31,78613,56125,967904,630604,894868,13204,248548,0,179700,129740,47724,168,131976,129572,8,0,205536,134260,762368,496344,0,0,52,0,47704,7196,188,21744,17104,4640,648,660,0,0,0,483952,65428,245760,3180,131656,
1421625648392442,1009,93,78979,47500,1006,406,407714,52437,1806,31,56335,55625,1802,93,196533,55625,2510,46,117919,48937,1507,562,823242,48937,1803,31,56396,51187,1001,31,31372,51187,3292,187,566406,56125,2509,31,78491,56062,967904,630604,894884,13212,248548,0,179708,129748,47724,168,131984,129580,8,0,205536,134260,762368,496344,0,0,52,0,47704,7196,188,21748,17104,4644,648,660,0,0,0,483952,65428,245760,3180,131656,
1421625650450725,1009,46,63110,47437,1004,437,439453,52437,1805,31,56457,55687,1805,109,197265,55625,2504,31,78491,48937,1505,578,893554,48937,1795,31,56396,51187,1004,31,31311,51187,3291,156,461914,56125,2509,31,78491,56062,967904,630588,894872,13216,248548,0,179712,129748,47724,168,131988,129580,8,0,205536,134260,762368,496328,0,0,24,0,47704,7196,188,21764,17104,4660,648,660,0,0,0,483952,65428,245760,3180,131656,
1421625652521043,1012,62,47424,47500,1003,406,437500,52437,1803,31,56396,55625,1805,93,197265,55625,2504,31,117309,48937,1507,531,776367,48937,1794,31,56152,51187,1003,31,31372,51250,3291,187,668945,56125,2515,31,78613,56125,967904,630588,894872,13224,248544,0,179644,129748,47656,168,131988,129580,8,0,205536,134260,762368,496328,0,0,24,0,47636,7196,188,21768,17104,4664,648,660,0,0,0,483952,65428,245760,3180,131656,
1421625654590201,1009,31,31616,47500,1002,421,423828,52500,1808,31,56274,55625,1798,93,197265,55687,2518,46,78613,48937,1502,562,824218,48875,1803,31,56335,51250,1003,31,31372,51250,3288,234,720703,56125,2509,31,78613,56125,967904,630588,894872,13224,248548,0,179620,129748,47632,168,131988,129580,8,0,205536,134260,762368,496328,0,0,36,0,47612,7196,188,21772,17104,4668,648,660,0,0,0,483952,65428,245760,3180,131656,
1421625656648391,1009,62,63232,47500,1004,421,438964,52500,1802,31,56396,55625,1802,93,169189,55625,2519,31,117797,48937,1506,531,800781,48875,1803,31,56396,51250,1004,31,31311,51250,3292,281,926757,56125,2508,31,78613,56125,967904,630596,894880,13224,248548,0,179620,129748,47632,168,131988,129580,8,0,205536,134260,762368,496336,0,0,36,0,47612,7196,188,21768,17104,4664,648,660,0,0,0,483952,65428,245760,3180,131656,
1421625658705955,1011,62,63110,47500,1005,421,424316,52500,1808,31,56396,55625,1802,109,197265,55687,2510,31,78491,48937,1502,578,800781,48875,1803,31,56213,51187,1004,31,31433,51250,3291,93,308105,56125,2507,31,78369,56125,967904,630596,894880,13232,248540,0,179620,129748,47632,168,131988,129580,8,0,205536,134260,762368,496336,0,0,36,0,47612,7196,188,21768,17104,4664,648,660,0,0,0,483952,65428,245760,3180,131656,
1421625660763942,1009,62,47363,47500,1001,406,424316,52500,1806,31,56335,55625,1792,109,225097,55687,2510,46,78491,48937,1506,531,801757,48937,1802,31,56152,51187,1003,31,31372,51250,3291,203,566406,56125,2510,31,78613,56125,967904,630728,895024,13232,248556,0,179624,129760,47632,168,131992,129592,8,0,205536,134260,762368,496468,0,0,20,0,47612,7196,188,21720,17100,4620,648,660,0,0,0,483952,65428,245760,3180,131656,
1421625662822151,1010,46,31555,47500,1004,406,424316,52500,1808,31,56396,55625,1798,109,197265,55625,2512,31,78735,48937,1506,531,801757,48937,1805,31,56213,51187,1004,31,31372,51250,3295,140,360351,56125,2508,31,78369,56125,967904,630696,894992,13232,248556,0,179624,129760,47632,168,131992,129592,8,0,205536,134260,762368,496436,0,0,20,0,47612,7196,188,21720,17100,4620,648,660,0,0,0,483952,65428,245760,3180,131656,
1421625664880010,1009,62,63232,47500,1002,390,423828,52500,1796,31,56457,55625,1798,109,197265,55687,2512,31,78613,48937,1503,578,800781,48937,1803,31,56396,51250,1003,31,31372,51250,3295,125,565429,56125,2507,31,78369,56125,967904,630728,895020,13240,248548,0,179624,129760,47632,168,131992,129592,8,0,205536,134260,762368,496468,0,0,20,0,47612,7196,188,21704,17096,4608,648,660,0,0,0,483952,65428,245760,3180,131656,
1421625666938679,1008,62,63232,47500,1004,421,424316,52500,1805,31,56274,55625,1796,109,168701,55687,2518,31,117919,48937,1507,546,823242,48875,1802,31,56396,51250,1004,31,31433,51250,3294,203,771484,56125,2509,31,78491,56125,967904,630728,895036,13240,248556,0,179624,129776,47632,168,131992,129608,8,0,205536,134260,762368,496468,0,0,28,0,47612,7196,188,21708,17096,4612,648,660,0,0,0,483952,65428,245760,3180,131656,
1421625668996427,1011,62,63110,47500,1002,421,437988,52500,1802,31,56457,55625,1802,109,196289,55687,2518,31,78735,48937,1506,531,777343,48875,1802,31,56396,51250,1002,31,31311,51250,3292,218,720703,56187,2512,31,78491,56187,967904,630728,895036,13240,248556,0,179624,129776,47632,168,131992,129608,8,0,205536,134260,762368,496468,0,0,28,0,47612,7196,188,21708,17096,4612,648,660,0,0,0,483952,65428,245760,3180,131656,
1421625671054139,1009,46,47363,47500,1004,421,437988,52500,1805,31,84716,55625,1801,93,225097,55687,2507,31,78369,48937,1504,531,800781,48875,1802,31,56518,51250,1004,31,31433,51250,3295,156,565429,56125,2515,31,78491,56125,967904,630728,895036,13248,248548,0,179624,129776,47632,168,131992,129608,8,0,205536,134260,762368,496468,0,0,28,0,47612,7196,188,21708,17096,4612,648,660,0,0,0,483952,65428,245760,3180,131656,
1421625673112476,1009,78,78979,47500,1000,421,439453,52500,1802,31,56335,55625,1794,125,197265,55687,2518,31,78613,48937,1505,546,824218,48875,1806,31,56213,51187,1003,31,31433,51187,3288,187,566406,56125,2513,31,78491,56125,967904,630728,895044,13248,248556,0,179624,129784,47632,168,131992,129616,8,0,205536,134260,762368,496468,0,0,28,0,47612,7196,188,21704,17096,4608,648,660,0,0,0,483952,65428,245760,3180,131656,
1421625675170611,1010,46,78857,47500,1003,421,439453,52500,1802,31,56396,55625,1806,125,225585,55687,2518,46,117919,48937,1506,531,776367,48875,1802,31,56396,51187,1004,31,31433,51187,3295,203,771484,56125,2508,31,78613,56125,967904,630728,895044,13248,248556,0,179624,129784,47632,168,131992,129616,8,0,205536,134260,762368,496468,0,0,28,0,47612,7196,188,21704,17096,4608,648,660,0,0,0,483952,65428,245760,3180,131656,
1421625677233465,1007,62,47424,47562,1003,437,423828,52500,1808,31,56518,55625,1802,93,196533,55625,2515,31,78735,48937,1507,500,776367,48937,1806,31,56457,51187,1003,31,31311,51187,3290,234,565429,56125,2512,31,78613,56125,967904,630728,895044,13256,248548,0,179624,129784,47632,168,131992,129616,8,0,205536,134260,762368,496468,0,0,28,0,47612,7196,188,21700,17096,4604,648,660,0,0,0,483952,65428,245760,3180,131656,
1421625679292245,1009,62,62866,47500,1003,421,437988,52437,1802,31,56518,55625,1801,109,196289,55625,2516,46,78735,48937,1506,546,800781,48937,1798,31,56396,51187,1004,31,31433,51187,3290,171,566406,56125,2508,31,78491,56125,967904,630728,895052,13256,248556,0,179624,129792,47632,168,131992,129624,8,0,205536,134260,762368,496468,0,0,28,0,47612,7196,188,21700,17096,4604,648,660,0,0,0,483952,65428,245760,3180,131656,
1421625681350030,1009,62,63110,47500,1000,421,407714,52437,1805,31,56335,55625,1799,109,168945,55687,2519,31,78735,48937,1507,562,824218,48937,1795,31,56396,51187,1004,31,31311,51187,3288,171,823242,56125,2510,31,78613,56125,967904,630696,895020,13256,248556,0,179624,129792,47632,168,131992,129624,8,0,205536,134260,762368,496436,0,0,28,0,47612,7196,188,21704,17096,4608,648,660,0,0,0,483952,65428,245760,3180,131656,
1421625683408976,1009,62,63110,47500,1002,406,424316,52437,1802,31,56518,55687,1802,109,168701,55750,2509,46,78369,48937,1507,531,799804,48937,1803,31,56396,51187,1005,31,31433,51187,3290,156,617187,56125,2513,31,78613,56125,967904,630728,895060,13264,248556,0,179624,129800,47632,168,131992,129632,8,0,205536,134260,762368,496468,0,0,28,0,47612,7196,188,21696,17096,4600,648,660,0,0,0,483952,65428,245760,3180,131656,
1421625685513339,1010,62,47424,47437,1000,437,438964,52437,1801,31,56396,55687,1796,109,168701,55687,2510,31,78491,48937,1504,546,824218,48937,1806,31,56396,51187,1005,31,31433,51187,3291,187,514648,56125,2512,31,78491,56125,967904,630720,895056,13264,248556,0,179624,129800,47632,168,131992,129632,8,0,205536,134260,762368,496460,0,0,28,0,47612,7196,188,21712,17100,4612,648,660,0,0,0,483952,65428,245760,3180,131656,
1421625687572045,1009,62,63110,47500,1000,453,456054,52437,1796,31,56213,55687,1803,109,168945,55750,2509,31,78247,48937,1506,546,799804,48937,1796,31,56335,51187,1004,31,31311,51187,3294,281,977539,56125,2512,31,78369,56125,967904,630720,895056,13264,248556,0,179624,129800,47632,168,131992,129632,8,0,205536,134260,762368,496460,0,0,28,0,47612,7196,188,21716,17100,4616,648,660,0,0,0,483952,65428,245760,3180,131656,
1421625691902829,1010,62,62988,47500,1003,421,437988,52500,1808,31,56335,55687,1802,109,196533,55687,2516,31,78613,48937,1506,531,752929,48937,1806,31,56396,51187,1004,31,31433,51187,3291,187,616210,56125,2513,31,78613,56062,967904,630720,895068,13272,248556,0,179612,129808,47620,168,131992,129640,8,0,205536,134260,762368,496460,0,0,16,0,47600,7196,188,21724,17104,4620,648,660,0,0,0,483952,65428,245760,3180,131656,
1421625693988907,1008,62,78735,47500,1004,453,454101,52500,1803,31,84594,55625,1801,93,169189,55687,2510,31,78491,48937,1505,546,799804,48937,1803,31,56274,51187,1003,31,31372,51187,3294,234,669921,56125,2512,31,78491,56062,967904,630720,895076,13280,248556,0,180004,129816,48012,168,131992,129648,8,0,205536,134260,762368,496460,0,0,28,0,48000,7196,188,21724,17104,4620,648,664,0,0,0,483952,65428,245760,3180,131656,
1421625696083648,1007,62,62988,47500,1004,437,455566,52437,1805,31,56213,55625,1802,109,168701,55687,2518,31,117797,48937,1505,515,824218,48937,1802,31,56213,51187,1002,31,31372,51187,3292,140,667968,56125,2510,31,78491,56062,967904,630728,895084,13280,248560,0,180004,129816,48012,168,131992,129648,8,0,205536,134260,762368,496468,0,0,32,0,48000,7196,188,21720,17104,4616,648,664,0,0,0,483952,65428,245760,3180,131656,
1421625698148732,1009,78,63110,47562,1004,437,439941,52500,1805,46,84594,55687,1801,109,224853,55687,2504,46,78369,48937,1505,500,753906,48937,1801,31,56396,51187,1006,31,31372,51187,3292,203,514648,56125,2509,31,78491,56062,967904,630728,895084,13288,248556,0,180004,129816,48012,168,131992,129648,8,0,205536,134260,762368,496468,0,0,36,0,48000,7196,188,21724,17104,4620,648,664,0,0,0,483952,65428,245760,3180,131656,
1421625701339081,1010,78,63110,47500,1002,437,439941,52500,1805,31,56396,55625,1805,93,168457,55687,2518,62,117797,48937,1506,515,799804,48937,1805,31,56457,51187,1003,31,31372,51187,3292,171,462402,56125,2510,31,78613,56062,967904,630976,895332,13288,248564,0,179644,129824,47652,168,131992,129656,8,0,205536,134260,762368,496716,0,0,16,0,47640,7196,188,21724,17096,4628,648,660,0,0,0,483952,65428,245760,3180,131656,
1421625703470355,1010,46,47180,47500,1001,453,456054,52500,1806,31,56457,55625,1794,93,197021,55687,2512,31,78369,48937,1507,578,776367,48875,1805,31,56213,51187,1003,31,31372,51187,3288,187,720703,56125,2510,31,78369,56062,967904,630976,895332,13296,248564,0,179644,129824,47652,168,131992,129656,8,0,205536,134260,762368,496716,0,0,16,0,47640,7196,188,21728,17096,4632,648,660,0,0,0,483952,65428,245760,3180,131656,
1421625706677311,1012,62,63110,47500,1000,437,438476,52500,1808,31,56274,55625,1801,93,196777,55625,2512,31,78369,48937,1504,546,844726,48875,1802,31,56396,51187,1004,31,31372,51187,3295,187,617187,56125,2510,31,78491,56062,967904,630880,895252,13296,248572,0,179576,129836,47580,168,131996,129668,8,0,205536,134320,762368,496560,0,0,28,0,47568,7196,188,21732,17096,4636,648,660,0,0,0,483952,65428,245760,3180,131656,
1421625708717493,1010,62,63110,47500,1003,437,422363,52437,1805,31,56518,55625,1801,109,196289,55625,2515,31,78613,48937,1507,546,822265,48937,1802,31,56335,51187,1002,31,31372,51187,3291,93,462402,56125,2510,31,78491,56125,967904,630912,895284,13304,248572,0,179608,129836,47612,168,131996,129668,8,0,205536,134320,762368,496592,0,0,32,0,47600,7196,188,21732,17096,4636,648,660,0,0,0,483952,65428,245760,3180,131656,
1421625710812142,1009,62,63110,47500,1002,453,438964,52500,1796,31,56396,55625,1801,93,168945,55687,2520,62,117919,48937,1507,531,777343,48937,1798,31,56396,51250,1002,31,31433,51250,3298,203,616210,-500,2508,31,78491,56125,967904,630912,895300,13304,248572,0,179224,129844,47220,168,132004,129676,8,0,205536,134320,762368,496592,0,0,32,0,47200,7196,188,21736,17096,4640,648,656,0,0,0,483952,65428,245760,3180,131656,
1421625712907160,1011,62,47363,47500,1003,437,468261,52500,1796,31,56396,55625,1801,125,168945,55687,2518,46,78613,48937,1504,562,847656,48937,1802,31,56396,51250,1005,31,31372,51250,3295,203,667968,56125,2509,31,78491,56125,967904,631020,895408,13304,248580,0,179184,129844,47180,168,132004,129676,8,0,205536,134428,762368,496592,0,0,40,0,47228,7196,188,21740,17096,4644,648,656,0,0,0,483952,65428,245760,3180,131656,
1421625714966438,1009,46,47363,47500,1001,421,423828,52437,1802,31,56396,55625,1802,109,169189,55625,2502,46,78369,48937,1506,578,871093,48937,1796,31,56335,51250,1004,31,31433,51250,3290,187,514648,56125,2509,31,78491,56125,967904,631032,895432,13312,248584,0,179224,129856,47220,168,132004,129688,8,0,205536,134440,762368,496592,0,0,40,0,47200,7196,188,21744,17096,4648,648,656,0,0,0,483952,65428,245760,3180,131656,
1421625717041365,1011,62,62988,47562,1002,437,437988,52500,1805,31,56457,55625,1805,109,168945,55625,2520,31,78613,48937,1507,500,778320,48937,1803,31,56396,51250,1002,31,31433,51250,3288,281,822265,56125,2504,31,78613,56125,967904,631032,895432,13312,248584,0,179224,129856,47220,168,132004,129688,8,0,205536,134440,762368,496592,0,0,40,0,47200,7196,188,21748,17096,4652,648,656,0,0,0,483952,65428,245760,3180,131656,
1421625719114541,1010,46,47363,47500,1003,421,439453,52500,1798,31,84594,55625,1799,93,196777,55625,2512,31,78735,48937,1507,531,799804,48937,1806,31,56396,51250,1000,31,31372,51250,3294,187,668945,56125,2513,31,78491,56125,967904,631032,895432,13320,248576,0,179224,129856,47220,168,132004,129688,8,0,205536,134440,762368,496592,0,0,40,0,47200,7196,188,21748,17096,4652,648,656,0,0,0,483952,65428,245760,3180,131656,
1421625721172694,1008,62,78613,47562,1004,437,469726,52562,1803,31,56274,55625,1798,109,197265,55625,2509,46,78613,48937,1506,515,776367,48937,1801,31,56335,51187,1003,31,31433,51250,3288,171,565429,56187,2513,31,78491,56187,967904,631024,895440,13320,248584,0,179224,129864,47220,168,132004,129696,8,0,205536,134440,762368,496584,0,0,24,0,47200,7196,188,21764,17104,4660,648,656,0,0,0,483952,65428,245760,3180,131656,
1421625723231843,1011,62,63232,47562,1006,437,438476,52562,1796,31,84594,55625,1802,109,168701,55625,2520,46,78735,48937,1504,546,824218,48937,1802,31,56213,51187,1003,31,31372,51250,3295,218,668945,56187,2513,31,78369,56125,967904,631024,895440,13320,248584,0,179224,129864,47220,168,132004,129696,8,0,205536,134440,762368,496584,0,0,24,0,47200,7196,188,21764,17104,4660,648,656,0,0,0,483952,65428,245760,3180,131656,
1421625725289923,1010,62,78979,47500,1003,421,408203,52500,1803,31,56213,55625,1794,109,168701,55625,2512,31,78491,48937,1507,531,800781,48937,1799,31,56152,51250,1005,31,31311,51187,3295,125,411621,56187,2512,31,78369,56125,967904,631032,895464,13328,248584,0,179232,129872,47220,168,132012,129704,8,0,205536,134440,762368,496592,0,0,32,0,47200,7196,188,21756,17104,4652,648,656,0,0,0,483952,65428,245760,3180,131656,
1421625727347357,1009,62,62988,47562,1004,437,424804,52500,1796,31,56213,55625,1798,93,168701,55687,2523,31,78613,48937,1506,546,848632,48937,1802,31,56335,51187,1002,31,31433,51187,3291,250,823242,56125,2512,31,78491,56125,967904,631032,895464,13328,248584,0,179232,129872,47220,168,132012,129704,8,0,205536,134440,762368,496592,0,0,32,0,47200,7196,188,21756,17104,4652,648,656,0,0,0,483952,65428,245760,3180,131656,
1421625730502777,1008,62,47363,47562,1006,437,437988,52500,1808,31,56091,55625,1795,109,168945,55625,2510,31,78613,48937,1507,531,823242,48937,1802,31,56396,51187,1004,31,31311,51187,3292,187,925781,56187,2512,31,78491,56125,967904,631032,895472,13336,248584,0,179196,129880,47184,168,132012,129712,8,0,205536,134440,762368,496592,0,0,32,0,47164,7196,188,21756,17104,4652,648,656,0,0,0,483952,65428,245760,3180,131656,
1421625732523071,1009,62,63110,47562,1006,406,407226,52500,1806,31,56335,55687,1805,93,168945,55687,2518,46,78613,48937,1506,546,799804,48937,1803,31,56396,51187,1001,31,31372,51187,3292,203,514648,56187,2510,31,78491,56125,967904,631032,895464,13336,248584,0,179196,129880,47184,168,132012,129712,8,0,205536,134440,762368,496592,0,0,32,0,47164,7196,188,21736,17096,4640,648,656,0,0,0,483952,65428,245760,3180,131656,
1421625734580413,1011,62,63110,47500,1006,437,439941,52562,1805,46,56396,55687,1799,93,168457,55687,2518,46,118164,48937,1507,546,800781,48937,1798,31,56396,51187,1005,31,31372,51250,3291,109,205810,56187,2515,31,78491,56125,967904,631024,895464,13344,248592,0,179196,129880,47184,168,132012,129712,8,0,205536,134440,762368,496584,0,0,36,0,47164,7196,188,21752,17104,4648,648,656,0,0,0,483952,65428,245760,3180,131656,
1421625736638751,1008,78,63110,47562,1002,421,440429,52562,1796,31,84594,55687,1801,93,168701,55687,2508,46,78369,48937,1505,531,800781,48937,1805,31,56396,51187,1004,31,31433,51250,3291,171,720703,56187,2510,31,78369,56125,967904,631024,895480,13344,248592,0,179308,129888,47288,168,132020,129720,8,0,205536,134440,762368,496584,0,0,36,0,47312,7196,188,21736,17104,4632,648,656,0,0,0,483952,65428,245760,3180,131656,
1421625738696794,1012,62,63232,47562,1004,437,439453,52562,1808,31,56396,55687,1795,93,197265,55687,2516,31,78857,48937,1506,546,799804,48937,1798,31,56457,51187,1003,31,31372,51250,3295,156,514648,56187,2511,31,78491,56125,967904,631024,895480,13344,248592,0,179308,129888,47288,168,132020,129720,8,0,205536,134440,762368,496584,0,0,36,0,47312,7196,188,21740,17104,4636,648,656,0,0,0,483952,65428,245760,3180,131656,
1421625740755187,1008,78,63232,47562,999,406,423828,52562,1805,31,56457,55687,1802,93,168457,55687,2516,31,78735,48937,1506,515,799804,48937,1805,31,56335,51187,1003,31,31433,51250,3290,187,618164,56187,2505,31,78491,56125,967904,631032,895496,13352,248592,0,179308,129896,47288,168,132020,129728,8,0,205536,134440,762368,496592,0,0,20,0,47312,7196,188,21736,17104,4632,648,656,0,0,0,483952,65428,245760,3180,131656,
1421625742814170,1009,46,31555,47500,1003,406,407226,52562,1802,31,56396,55687,1792,93,140380,55687,2519,46,78735,48937,1505,546,823242,48937,1803,31,56274,51187,1003,31,31433,51250,3294,218,721679,56187,2509,31,78613,56125,967904,631032,895496,13352,248592,0,179308,129896,47288,168,132020,129728,8,0,205536,134440,762368,496592,0,0,20,0,47312,7196,188,21736,17104,4632,648,656,0,0,0,483952,65428,245760,3180,131656,
1421625744872729,1011,62,78979,47500,999,437,407714,52500,1805,31,56335,55687,1795,93,196777,55687,2508,31,78491,48937,1506,546,824218,48937,1801,31,56274,51187,1003,31,31372,51250,3287,125,514648,56187,2508,31,78491,56125,967904,631032,895496,13352,248592,0,179308,129896,47288,168,132020,129728,8,0,205536,134440,762368,496592,0,0,20,0,47312,7196,188,21740,17104,4636,648,656,0,0,0,483952,65428,245760,3180,131656,
1421625746941057,1010,62,47363,47500,1006,437,438964,52500,1802,31,56396,55687,1802,93,168945,55687,2512,31,117675,48937,1502,562,894531,48937,1806,31,56396,51187,1003,31,31311,51250,3296,156,565429,56187,2512,31,78491,56187,967904,631032,895504,13360,248592,0,179352,129904,47332,168,132020,129736,8,0,205536,134440,762368,496592,0,0,20,0,47312,7196,188,21752,17104,4648,648,656,0,0,0,483952,65428,245760,3180,131656,
1421625749003561,1010,46,47302,47500,1005,406,408203,52500,1806,31,56396,55687,1802,109,168945,55687,2516,31,78613,48937,1507,531,800781,48875,1806,31,56396,51187,1004,31,31433,51250,3294,296,925781,56187,2509,31,78491,56125,967904,631032,895504,13360,248600,0,179356,129908,47332,168,132024,129740,8,0,205536,134440,762368,496592,0,0,32,0,47312,7196,188,21744,17096,4648,648,656,0,0,0,483952,65428,245760,3180,131656,
1421625751063299,1011,46,47424,47500,1001,406,407226,52500,1796,31,56335,55750,1802,125,225341,55687,2510,31,78369,48937,1507,515,776367,48875,1798,31,56274,51187,1005,31,31433,51250,3288,234,718750,56187,2508,31,78491,56125,967904,631032,895504,13368,248600,0,179356,129908,47332,168,132024,129740,8,0,205536,134440,762368,496592,0,0,32,0,47312,7196,188,21744,17096,4648,648,656,0,0,0,483952,65428,245760,3180,131656,
1421625753131129,1011,46,63354,47500,1004,421,439453,52500,1809,46,56457,55687,1798,125,168701,55687,2501,31,78369,48937,1506,531,823242,48937,1802,31,56274,51187,1004,31,31372,51250,3288,281,924804,56187,2509,31,78491,56125,967904,631032,895512,13368,248604,0,179356,129916,47332,168,132024,129748,8,0,205536,134440,762368,496592,0,0,40,0,47312,7196,188,21732,17096,4636,648,656,0,0,0,483952,65428,245760,3180,131656,
1421625755199513,1011,62,62988,47500,1006,421,438476,52500,1802,31,56396,55687,1794,125,225341,55687,2518,31,78735,48937,1506,546,822265,48937,1803,31,56396,51187,1004,31,31372,51187,3285,125,462402,56187,2515,31,78491,56187,967904,631024,895520,13376,248608,0,179364,129916,47332,168,132032,129748,8,0,205536,134440,762368,496584,0,0,20,0,47312,7196,188,21748,17104,4644,648,656,0,0,0,483952,65428,245760,3180,131656,
1421625757257611,1009,78,62988,47500,1002,421,423828,52437,1805,31,56457,55687,1799,109,224121,55687,2502,31,78369,48937,1508,546,823242,48875,1798,31,56396,51187,1002,31,31372,51187,3290,234,617187,56187,2512,31,78491,56125,967904,631024,895536,13384,248608,0,179532,129924,47492,168,132040,129756,8,0,205536,134440,762368,496584,0,0,48,0,47504,7196,188,21744,17104,4640,648,656,0,0,0,483952,65428,245760,3180,131656,
1421625759316041,1007,46,63232,47500,1004,406,406738,52500,1802,31,56335,55687,1801,109,197265,55687,2508,31,78369,48937,1507,546,824218,48875,1805,31,56335,51187,1004,31,31372,51187,3294,203,720703,56187,2512,31,78491,56187,967904,631024,895536,13384,248608,0,179532,129924,47492,168,132040,129756,8,0,205536,134440,762368,496584,0,0,48,0,47504,7196,188,21744,17104,4640,648,656,0,0,0,483952,65428,245760,3180,131656,
1421625761373863,1011,62,63232,47437,1001,437,439453,52437,1810,31,56396,55750,1802,93,168945,55687,2519,31,78735,48937,1507,531,799804,48875,1805,31,56396,51187,1003,31,31372,51187,3291,187,616210,56187,2513,31,78491,56187,967904,631032,895544,13392,248600,0,179532,129924,47492,168,132040,129756,8,0,205536,134440,762368,496592,0,0,48,0,47504,7196,188,21736,17104,4632,648,656,0,0,0,483952,65428,245760,3180,131656,
1421625763431500,1008,62,63110,47437,1004,406,438964,52437,1798,31,56396,55687,1803,109,225341,55687,2512,31,78491,48937,1509,578,822265,48937,1803,31,56396,51187,1003,31,31372,51187,3292,218,823242,56250,2510,31,78613,56187,967904,631032,895552,13392,248608,0,179532,129932,47492,168,132040,129764,8,0,205536,134440,762368,496592,0,0,48,0,47504,7196,188,21736,17104,4632,648,656,0,0,0,483952,65428,245760,3180,131656,
1421625765489192,1010,78,63232,47437,1006,437,423339,52437,1805,31,56396,55687,1801,109,168701,55687,2504,46,117675,48937,1507,531,798828,48937,1803,31,56213,51187,1005,31,31433,51187,3294,187,617187,56250,2510,31,78613,56187,967904,631032,895552,13392,248608,0,179532,129932,47492,168,132040,129764,8,0,205536,134440,762368,496592,0,0,48,0,47504,7196,188,21736,17104,4632,648,656,0,0,0,483952,65428,245760,3180,131656,
1421625767547125,1009,78,62866,47437,1001,406,422851,52437,1802,31,56396,55687,1799,109,168945,55750,2507,46,78491,49000,1508,515,777343,48937,1803,31,56335,51187,1004,31,31433,51187,3294,203,565429,56250,2509,31,78491,56187,967904,631032,895544,13400,248608,0,179564,129932,47524,168,132040,129764,8,0,205536,134440,762368,496592,0,0,48,0,47504,7196,188,21740,17096,4644,648,656,0,0,0,483952,65428,245760,3180,131656,
1421625769606071,1008,62,47363,47500,1004,421,424316,52437,1799,31,56396,55750,1801,93,225341,55687,2516,31,78735,49000,1507,546,824218,48937,1796,31,56396,51187,1004,31,31433,51187,3285,140,669921,56250,2509,31,78491,56250,967904,631000,895512,13400,248608,0,179564,129932,47524,168,132040,129764,8,0,205536,134440,762368,496560,0,0,48,0,47504,7196,188,21740,17096,4644,648,656,0,0,0,483952,65428,245760,3180,131656,
1421625771664151,1009,78,62866,47500,1004,406,407714,52437,1805,31,56213,55687,1792,109,196777,55750,2508,46,78491,48937,1507,562,822265,48937,1798,31,56274,51187,1004,31,31372,51187,3294,203,771484,56250,2510,31,78491,56250,967904,630752,895672,13408,249016,0,179564,130340,47524,168,132040,130172,8,0,205536,134440,762368,496312,0,0,456,0,47504,7196,188,21736,17096,4640,648,656,0,0,0,483952,65428,245760,3180,131656,
1421625773734138,1005,62,47363,47500,1002,437,454589,52500,1802,31,56396,55687,1803,93,197265,55687,2510,31,78369,48937,1507,531,776367,48937,1805,31,56274,51187,1004,31,31433,51187,3292,203,771484,56250,2505,31,78491,56250,967904,632876,897468,13408,248652,0,178028,130036,46032,168,131996,129868,8,0,205536,134680,762368,498196,0,0,160,0,46044,7004,188,21780,17116,4664,648,660,0,0,0,483952,63092,245760,3180,131656,
1421625775790466,1010,62,47302,47500,1001,421,423828,52500,1808,31,84594,55687,1795,109,197265,55687,2515,46,78491,48937,1506,515,777343,48937,1801,31,56335,51187,1004,31,31372,51187,3295,203,668945,56250,2512,31,78369,56250,967904,631832,896424,13408,248652,0,178752,130036,46756,168,131996,129868,8,0,205536,134380,762368,497452,0,0,132,0,46740,7028,188,21768,17116,4652,648,656,0,0,0,483952,63092,245760,3180,131656,
1421625777852712,1009,78,78857,47500,1001,500,516601,52500,1802,31,56152,55687,1802,109,168457,55750,2518,31,78613,48937,1507,562,893554,48937,1801,31,56396,51187,1004,31,31433,51187,3294,218,669921,56250,2512,31,78613,56250,967904,631676,896272,13420,248656,0,178756,130040,46760,168,131996,129872,8,0,205536,134380,762368,497296,0,0,172,0,46740,7028,188,21768,17116,4652,648,656,0,0,0,483952,63092,245760,3180,131656,
1421625779919620,1009,46,47302,47500,1004,437,438476,52500,1802,31,84350,55687,1798,93,197265,55687,2512,31,78613,48937,1506,546,799804,48937,1803,31,56396,51187,1006,31,31372,51187,3290,203,667968,56250,2510,31,78491,56250,967904,631708,896304,13420,248660,0,178756,130040,46760,168,131996,129872,8,0,205536,134380,762368,497328,0,0,164,0,46740,7028,188,21756,17116,4640,648,656,0,0,0,483952,63092,245760,3180,131656,
1421625781977866,1010,78,47363,47500,1005,437,422363,52562,1805,46,56213,55687,1802,109,197265,55687,2509,31,78613,48937,1506,546,847656,48937,1806,31,56274,51187,1003,31,31372,51187,3288,171,720703,56250,2512,31,78613,56250,967904,631708,896304,13428,248652,0,178756,130040,46760,168,131996,129872,8,0,205536,134380,762368,497328,0,0,164,0,46740,7028,188,21756,17116,4640,648,656,0,0,0,483952,63092,245760,3180,131656,
1421625784035706,1007,62,62988,47562,1001,437,407714,52562,1795,46,56396,55687,1801,109,196777,55687,2507,31,117675,48937,1505,546,800781,48937,1799,31,56213,51187,1004,31,31372,51187,3294,187,617187,56250,2509,31,78369,56250,967904,631716,896312,13428,248660,0,178756,130048,46760,168,131996,129880,8,0,205536,134380,762368,497336,0,0,172,0,46740,7028,188,21728,17108,4620,648,656,0,0,0,483952,63092,245760,3180,131656,
1421625787175994,1010,62,63110,47500,1002,421,438964,52500,1801,31,56335,55750,1799,109,224365,55750,2505,31,117797,48937,1505,515,776367,48937,1802,31,56274,51187,1003,31,31433,51187,3291,234,771484,56250,2513,31,78369,56250,967904,649328,912880,13432,247592,0,161184,130008,30196,168,130988,129840,8,0,205536,139180,762368,510148,0,0,100,0,30136,5856,188,21856,17112,4744,648,616,0,0,0,483952,46348,245760,3180,131656,
1421625789233189,1011,62,47119,47562,1004,343,343750,52562,1802,46,56518,55687,1806,109,168457,55687,2516,31,157470,48937,1508,515,776367,48937,1805,31,56457,51187,1003,31,31372,51187,3294,203,771484,56250,2512,31,78613,56250,967904,653384,916964,13436,247616,0,156580,129996,25552,168,131028,129828,8,0,205536,139780,762368,513604,0,0,116,0,25532,4656,188,21872,17112,4760,616,556,0,0,0,483952,40212,245760,3180,131656,
1421625791314529,1009,46,47302,47562,999,359,345703,52562,1805,31,56457,55687,1799,93,197265,55750,2516,31,78735,48937,1507,500,799804,48937,1803,31,56335,51187,1004,31,31433,51187,3288,156,721679,56250,2510,31,78491,56250,967904,653440,917028,13436,247624,0,156584,130000,25552,168,131032,129832,8,0,205536,139780,762368,513660,0,0,120,0,25532,4656,188,21876,17112,4764,616,556,0,0,0,483952,40212,245760,3180,131656,
1421625793399870,1010,62,62988,47562,1004,328,344238,52562,1806,31,56457,55687,1802,109,168945,55687,2518,31,117797,48937,1506,531,753906,48937,1803,31,56396,51187,1004,31,31372,51250,3291,171,668945,56250,2515,31,78369,56250,967904,653440,917036,13444,247624,0,156584,130008,25552,168,131032,129840,8,0,205536,139780,762368,513660,0,0,140,0,25532,4656,188,21872,17112,4760,616,556,0,0,0,483952,40212,245760,3180,131656,
1421625795470023,1007,62,78979,47562,1005,296,298828,52562,1803,31,56213,55687,1792,109,197021,55750,2509,31,78369,48937,1507,515,776367,48937,1805,31,56213,51187,1002,31,31372,51250,3292,218,617187,56250,2509,31,78491,56187,967904,653440,917028,13444,247624,0,156584,130008,25552,168,131032,129840,8,0,205536,139780,762368,513660,0,0,140,0,25532,4656,188,21844,17104,4740,624,556,0,0,0,483952,40212,245760,3180,131656,
1421625797552157,1010,46,47302,47562,1000,281,282226,52562,1803,31,56396,55687,1803,125,168945,55750,2505,46,78369,49000,1507,515,753906,48937,1805,31,56213,51187,1002,31,31372,51250,3292,234,617187,56250,2512,31,78491,56187,967904,653508,917096,13444,247624,0,156516,130008,25484,168,131032,129840,8,0,205536,139780,762368,513728,0,0,140,0,25464,4656,188,21852,17104,4748,624,556,0,0,0,483952,40212,245760,3180,131656,
1421625799653055,1007,31,31494,47562,1004,375,376953,52562,1802,31,84716,55687,1801,109,168945,55750,2512,46,78491,49000,1506,515,776367,48937,1802,31,56396,51187,1004,31,31311,51187,3292,156,720703,56250,2508,31,78491,56250,967904,653508,917096,13444,247624,0,156516,130008,25484,168,131032,129840,8,0,205536,139780,762368,513728,0,0,140,0,25464,4656,188,21856,17104,4752,624,556,0,0,0,483952,40212,245760,3180,131656,
1421625801733142,1011,46,47363,47562,1001,328,345214,52562,1798,31,56396,55687,1805,93,196777,55687,2508,31,117675,49000,1506,531,778320,48937,1805,31,56152,51187,1002,31,31433,51187,3295,218,360839,56250,2513,31,78247,56187,967904,653572,917156,13444,247624,0,156516,130008,25484,168,131032,129840,8,0,205536,139780,762368,513792,0,0,140,0,25464,4656,188,21832,17100,4732,624,556,0,0,0,483952,40212,245760,3180,131656,
1421625803823257,1009,31,31555,47562,1002,359,344726,52562,1796,31,56457,55687,1802,109,140380,55687,2516,31,78735,49000,1507,515,776367,48937,1801,31,56274,51187,1003,31,31433,51187,3291,171,772460,56250,2512,31,78613,56187,967904,653572,917156,13444,247624,0,156516,130008,25484,168,131032,129840,8,0,205536,139780,762368,513792,0,0,140,0,25464,4656,188,21832,17100,4732,624,556,0,0,0,483952,40212,245760,3180,131656,
1421625805904709,1009,62,63110,47562,1007,359,345214,52562,1805,31,56518,55687,1796,125,197265,55687,2518,31,78491,49000,1507,515,752929,49000,1802,31,56335,51250,1005,31,31433,51250,3292,218,515625,56250,2508,31,78613,56187,967904,653564,917156,13444,247624,0,156516,130008,25484,168,131032,129840,8,0,205536,139780,762368,513784,0,0,128,0,25464,4656,188,21848,17108,4740,624,556,0,0,0,483952,40212,245760,3180,131656,
1421625807982732,1009,31,47363,47562,1004,343,328613,52562,1805,31,56152,55687,1802,125,197021,55687,2507,46,78613,49000,1505,531,800781,49000,1802,31,56396,51250,1003,31,31372,51187,3291,171,566406,56250,2510,31,78491,56187,967904,653532,917124,13444,247624,0,156516,130008,25484,168,131032,129840,8,0,205536,139780,762368,513752,0,0,128,0,25464,4656,188,21848,17108,4740,624,556,0,0,0,483952,40212,245760,3180,131656,
1421625811127738,1006,46,47363,47562,1002,296,329101,52625,1802,31,56396,55687,1803,109,225341,55750,2512,31,78125,49000,1505,515,754882,49000,1805,31,56335,51187,1003,31,31311,51187,3292,171,566406,56250,2512,31,78491,56187,967904,653140,916740,13452,247624,0,157548,130016,26516,168,131032,129848,8,0,205536,139720,762368,513420,0,0,36,0,26496,4656,188,21836,17108,4728,624,556,0,0,0,483952,40212,245760,3180,131656,
1421625813204471,1012,46,47363,47562,1001,359,392578,52562,1802,46,56457,55687,1794,125,224365,55750,2509,31,78369,48937,1507,515,776367,49000,1803,31,56396,51187,1004,31,31311,51187,3290,187,668945,56250,2512,31,78369,56250,967904,653140,916740,13452,247624,0,157584,130016,26552,168,131032,129848,8,0,205536,139720,762368,513420,0,0,36,0,26532,4656,188,21840,17108,4732,624,560,0,0,0,483952,40212,245760,3180,131656,
1421625815279932,1007,46,47241,47562,1003,359,345703,52562,1802,31,56396,55687,1799,78,168945,55750,2509,31,78369,48937,1506,515,776367,48937,1802,31,56335,51187,1003,31,31433,51187,3292,250,617187,56250,2507,31,78491,56250,967904,652984,916584,13452,247624,0,157584,130016,26552,168,131032,129848,8,0,205536,139720,762368,513264,0,0,36,0,26532,4656,188,21844,17108,4736,624,560,0,0,0,483952,40212,245760,3180,131656,
1421625817359541,1010,62,78979,47562,1003,343,329101,52562,1806,31,56213,55750,1801,109,197265,55750,2515,31,118041,48937,1506,515,777343,48937,1802,31,56335,51187,1004,31,31433,51187,3290,203,668945,56250,2513,31,78491,56250,967904,653016,916616,13452,247624,0,157584,130016,26552,168,131032,129848,8,0,205536,139720,762368,513296,0,0,36,0,26532,4656,188,21844,17108,4736,624,560,0,0,0,483952,40212,245760,3180,131656,
1421625819440034,1010,62,63110,47562,1000,296,297851,52562,1806,31,56457,55687,1798,93,197265,55750,2504,31,117675,48937,1505,515,798828,48937,1805,31,56396,51187,1002,31,31433,51187,3294,156,617187,56250,2507,31,78369,56250,967904,653008,916608,13452,247624,0,157584,130016,26552,168,131032,129848,8,0,205536,139720,762368,513288,0,0,24,0,26532,4656,188,21848,17108,4740,624,560,0,0,0,483952,40212,245760,3180,131656,
1421625821532048,1009,78,63110,47562,1002,328,328613,52562,1798,31,56396,55687,1799,125,197265,55750,2510,31,78491,48937,1506,515,777343,48937,1803,31,56396,51187,1004,31,31372,51187,3295,218,822265,56250,2510,31,78247,56250,967904,653008,916608,13452,247624,0,157584,130016,26552,168,131032,129848,8,0,205536,139720,762368,513288,0,0,24,0,26532,4656,188,21848,17108,4740,624,560,0,0,0,483952,40212,245760,3180,131656,
1421625823619563,1010,46,63110,47562,1004,281,282226,52562,1806,31,56335,55687,1802,93,196777,55750,2518,31,118041,49000,1508,515,777343,48937,1802,31,56213,51187,1004,31,31372,51250,3292,171,668945,56250,2513,31,78613,56250,967904,653008,916608,13452,247624,0,157584,130016,26552,168,131032,129848,8,0,205536,139720,762368,513288,0,0,24,0,26532,4656,188,21844,17108,4736,624,560,0,0,0,483952,40212,245760,3180,131656,
1421625825712019,1009,62,63110,47500,1005,296,313964,52562,1806,31,56335,55687,1801,93,225341,55687,2518,31,78613,49000,1507,515,777343,48937,1805,31,56274,51187,1003,31,31433,51187,3290,156,719726,56250,2509,31,78491,56250,967904,653008,916616,13460,247624,0,157584,130024,26552,168,131032,129856,8,0,205536,139720,762368,513288,0,0,32,0,26532,4656,188,21848,17108,4740,624,560,0,0,0,483952,40212,245760,3180,131656,
1421625827790393,1011,46,63232,47562,1003,343,328125,52562,1803,31,56396,55687,1799,109,196777,55687,2520,31,78735,49000,1507,531,776367,48937,1801,31,56518,51187,1002,31,31372,51250,3292,171,617187,56250,2508,31,78369,56187,967904,653008,916616,13460,247624,0,157584,130024,26552,168,131032,129856,8,0,205536,139720,762368,513288,0,0,32,0,26532,4656,188,21844,17108,4736,624,560,0,0,0,483952,40212,245760,3180,131656,
1421625829856914,1006,46,47424,47562,1004,359,344726,52562,1801,31,56396,55750,1802,109,168457,55750,2512,46,117797,49000,1505,531,800781,48937,1805,31,56396,51187,1004,31,31372,51250,3295,187,720703,56250,2512,31,78491,56187,967904,652976,916584,13460,247624,0,157584,130024,26552,168,131032,129856,8,0,205536,139720,762368,513256,0,0,32,0,26532,4656,188,21844,17108,4736,624,560,0,0,0,483952,40212,245760,3180,131656,
1421625831946790,1007,62,63232,47562,1002,328,330078,52562,1802,31,56457,55687,1803,125,225097,55687,2512,31,78369,49000,1504,531,777343,48937,1805,31,56518,51250,1005,31,31372,51250,3290,187,513671,56250,2512,31,78613,56187,967904,653016,916624,13460,247624,0,157584,130024,26552,168,131032,129856,8,0,205536,139720,762368,513296,0,0,32,0,26532,4656,188,21836,17108,4728,624,560,0,0,0,483952,40212,245760,3180,131656,
1421625834043079,1009,62,47363,47562,1001,359,345214,52562,1809,31,56274,55687,1794,93,197265,55687,2508,31,78247,49000,1506,515,776367,48937,1803,31,56518,51250,1003,31,31372,51250,3294,203,822265,56250,2508,31,78491,56187,967904,653016,916632,13460,247632,0,157588,130028,26552,168,131036,129860,8,0,205536,139720,762368,513296,0,0,44,0,26532,4656,188,21836,17108,4728,624,560,0,0,0,483952,40212,245760,3180,131656,
1421625836123830,1010,46,47180,47562,1002,343,345703,52500,1805,31,56335,55687,1801,125,224365,55750,2516,46,78613,49000,1506,515,776367,48937,1803,31,56396,51250,1004,31,31433,51250,3292,140,463378,56250,2510,31,78369,56187,967904,653016,916624,13460,247632,0,157588,130028,26552,168,131036,129860,8,0,205536,139720,762368,513296,0,0,44,0,26532,4656,188,21828,17100,4728,624,560,0,0,0,483952,40212,245760,3180,131656,
