t,VCCINT.V,VCCINT.I,VCCINT.P,VCCINT.T,VCCPINT.V,VCCPINT.I,VCCPINT.P,VCCPINT.T,VCCAUX.V,VCCAUX.I,VCCAUX.P,VCCAUX.T,VCCPAUX.V,VCCPAUX.I,VCCPAUX.P,VCCPAUX.T,VCCADJ.V,VCCADJ.I,VCCADJ.P,VCCADJ.T,VCC1V5.V,VCC1V5.I,VCC1V5.P,VCC1V5.T,VCCMIO_PS.V,VCCMIO_PS.I,VCCMIO_PS.P,VCCMIO_PS.T,VCCBRAM.V,VCCBRAM.I,VCCBRAM.P,VCCBRAM.T,VCC3V3.V,VCC3V3.I,VCC3V3.P,VCC3V3.T,VCC2V5.V,VCC2V5.I,VCC2V5.P,VCC2V5.T,M.MemTotal:,M.MemFree:,M.MemAvailable:,M.Buffers:,M.Cached:,M.SwapCached:,M.Active:,M.Inactive:,M.Active(anon):,M.Inactive(anon):,M.Active(file):,M.Inactive(file):,M.Unevictable:,M.Mlocked:,M.HighTotal:,M.HighFree:,M.LowTotal:,M.LowFree:,M.SwapTotal:,M.SwapFree:,M.Dirty:,M.Writeback:,M.AnonPages:,M.Mapped:,M.Shmem:,M.Slab:,M.SReclaimable:,M.SUnreclaim:,M.KernelStack:,M.PageTables:,M.NFS_Unstable:,M.Bounce:,M.WritebackTmp:,M.CommitLimit:,M.Committed_AS:,M.VmallocTotal:,M.VmallocUsed:,M.VmallocChunk:,
1421970481425737,1009,46,47302,52000,1000,375,360839,56937,1799,31,56396,60250,1798,109,197265,60312,2510,31,78857,53500,1506,515,752929,53437,1803,31,56213,55687,1003,31,31311,55687,3291,171,668945,60875,2513,31,78613,60875,967904,768592,896924,11432,118968,0,116152,60912,46692,168,69460,60744,8,0,205536,168640,762368,599952,0,0,68,0,46716,6988,188,17324,12516,4808,664,676,0,0,0,483952,62284,245760,3180,131512,
1421970483481918,1009,62,78857,51937,1005,328,360351,56875,1801,31,84838,60250,1805,109,168945,60250,2512,31,78735,53500,1506,500,752929,53500,1805,31,56396,55687,1003,31,31372,55750,3291,187,616210,60812,2509,31,78491,60875,967904,768592,896924,11440,118960,0,116220,60912,46760,168,69460,60744,8,0,205536,168640,762368,599952,0,0,68,0,46748,6988,188,17324,12516,4808,664,676,0,0,0,483952,62284,245760,3180,131512,
1421970485538395,1010,62,62988,51937,1003,343,329101,56937,1806,31,56335,60250,1801,93,168945,60312,2518,31,78735,53500,1506,515,776367,53437,1796,31,56396,55687,1003,31,31433,55750,3294,171,618164,60812,2512,31,78247,60812,967904,768600,896940,11440,118968,0,116220,60920,46760,168,69460,60752,8,0,205536,168640,762368,599960,0,0,72,0,46772,6988,188,17304,12516,4788,664,676,0,0,0,483952,62284,245760,3180,131512,
1421970487599018,1008,62,63232,51937,1004,343,360839,56937,1801,31,56213,60250,1802,109,168212,60312,2512,31,78735,53500,1503,500,752929,53500,1801,31,56335,55687,1003,31,31372,55687,3291,203,668945,60812,2512,31,78491,60875,967904,768600,896940,11440,118968,0,116220,60920,46760,168,69460,60752,8,0,205536,168640,762368,599960,0,0,72,0,46772,6988,188,17304,12516,4788,664,676,0,0,0,483952,62284,245760,3180,131512,
1421970489655623,1007,62,63110,51937,1001,359,330078,56937,1802,46,56335,60250,1801,93,197265,60312,2520,31,78735,53500,1507,500,777343,53500,1799,31,56396,55687,1004,31,31311,55687,3294,203,668945,60875,2510,31,78491,60812,967904,768600,896928,11440,118968,0,116252,60920,46792,168,69460,60752,8,0,205536,168640,762368,599960,0,0,16,0,46772,6988,188,17268,12504,4764,664,676,0,0,0,483952,62284,245760,3180,131512,
1421970491712652,1010,93,78979,52000,1004,421,437988,56937,1801,31,56335,60250,1803,125,197265,60312,2510,31,78369,53500,1505,515,776367,53500,1802,31,56396,55687,1001,31,31372,55750,3294,203,668945,60812,2510,31,78369,60812,967904,763904,892236,11456,118952,0,120632,60920,51172,168,69460,60752,8,0,205536,167620,762368,596284,0,0,16,0,51224,8096,188,17272,12508,4764,664,676,0,0,0,483952,65480,245760,3180,131512,
1421970493770013,1011,62,78979,52000,1004,453,454101,56937,1802,31,56457,60250,1802,109,197265,60312,2515,31,78613,53500,1504,562,846679,53500,1802,31,56396,55687,1001,31,31372,55750,3292,187,618164,60875,2515,31,78491,60812,967904,751424,880304,11460,119488,0,132892,60924,62896,168,69996,60756,8,0,205536,164440,762368,586984,0,0,536,0,62892,10320,188,17292,12516,4776,688,764,0,0,0,483952,83012,245760,3180,131512,
1421970495828443,1007,62,79101,51937,1004,437,456054,56937,1805,31,56335,60250,1803,93,197021,60250,2518,31,78613,53500,1507,515,777343,53500,1798,31,56274,55687,1004,31,31311,55750,3291,171,617187,60812,2510,31,78491,60812,967904,748472,877352,11460,119496,0,135008,60920,65008,168,70000,60752,8,0,205536,163660,762368,584812,0,0,544,0,64960,10384,188,17292,12516,4776,688,772,0,0,0,483952,85504,245760,3180,131512,
1421970497886080,1008,78,63110,51937,1002,437,454589,56937,1809,31,56396,60250,1802,93,168945,60312,2510,31,78369,53500,1505,500,753906,53500,1806,31,56457,55750,1003,31,31372,55750,3290,203,668945,60812,2510,31,78369,60812,967904,756220,884740,11468,119120,0,127880,60932,58252,168,69628,60764,8,0,205536,165880,762368,590340,0,0,236,0,58304,9268,188,17260,12516,4744,688,744,0,0,0,483952,74660,245760,3180,131512,
1421970499943847,1010,78,78857,51937,1006,437,438964,56937,1801,31,56396,60250,1802,109,196533,60312,2505,46,117675,53500,1506,515,753906,53500,1805,31,56335,55750,1005,31,31311,55687,3296,203,668945,60812,2508,31,78491,60812,967904,756032,885628,11468,120188,0,128132,61000,57496,168,70636,60832,8,0,205536,165568,762368,590464,0,0,1304,0,57480,9268,188,17260,12516,4744,688,752,0,0,0,483952,73452,245760,3180,131512,
1421970502000692,1010,62,63232,51937,1003,437,423828,56937,1808,31,56274,60250,1802,93,168457,60250,2510,31,78491,53500,1501,500,752929,53500,1796,31,56213,55687,1004,31,31372,55687,3296,171,617187,60875,2510,31,78491,60875,967904,751300,880932,11476,120236,0,132096,60940,61360,168,70736,60772,8,0,205536,164680,762368,586620,0,0,1352,0,61340,9532,188,17236,12512,4724,688,756,0,0,0,483952,78780,245760,3180,131512,
1421970504057205,1009,78,62988,52000,1004,437,455078,56937,1803,31,56457,60250,1802,109,196777,60312,2518,31,117797,53500,1502,500,753906,53500,1798,31,56213,55687,1005,31,31372,55687,3292,187,566406,60875,2512,31,78613,60812,967904,746992,876676,11476,120280,0,137132,60952,66356,168,70776,60784,8,0,205536,163720,762368,583272,0,0,1396,0,66388,9532,188,17236,12512,4724,688,764,0,0,0,483952,83704,245760,3180,131512,
1421970506113183,1009,62,63110,51937,1004,406,440429,56937,1808,31,56335,60250,1799,125,225341,60312,2518,31,78735,53500,1506,609,966796,53500,1802,31,56213,55687,1003,31,31433,55750,3295,171,566406,60875,2510,31,78369,60812,967904,747484,877164,11476,120280,0,135840,60952,65064,168,70776,60784,8,0,205536,163528,762368,583956,0,0,1396,0,65088,9532,188,17220,12508,4712,688,768,0,0,0,483952,83704,245760,3180,131512,
1421970511418180,1010,78,63110,51937,1002,546,532226,56937,1805,31,56213,60250,1801,93,168701,60312,2509,31,78613,53500,1507,562,799804,53562,1798,31,56396,55750,1005,31,31372,55750,3288,187,618164,60812,2508,31,78613,60812,967904,747432,877116,11484,120280,0,137168,60960,66392,168,70776,60792,8,0,205536,163540,762368,583892,0,0,1396,0,66412,9532,188,17224,12504,4720,688,768,0,0,0,483952,81772,245760,3180,131512,
1421970517738033,1012,93,63110,51937,1003,484,471191,56937,1805,31,56396,60250,1803,109,196777,60250,2518,62,78735,53562,1505,562,800781,53500,1805,31,56335,55750,1002,31,31372,55750,3285,187,617187,60812,2512,31,78491,60812,967904,747556,877264,11500,120288,0,136816,60976,66040,168,70776,60808,8,0,205536,163300,762368,584256,0,0,1392,0,66056,9532,188,17252,12512,4740,688,768,0,0,0,483952,81772,245760,3180,131512,
1421970519879942,1007,62,78979,51937,1004,421,421386,56937,1808,31,56396,60250,1799,125,224121,60312,2508,46,78491,53500,1504,546,776367,53500,1803,31,56335,55750,1004,31,31311,55750,3298,187,565429,60812,2512,31,78491,60812,967904,747432,877148,11500,120288,0,136884,60976,66100,168,70784,60808,8,0,205536,163300,762368,584132,0,0,1392,0,66136,9532,188,17260,12512,4748,688,768,0,0,0,483952,81772,245760,3180,131512,
1421970521938206,1010,62,79101,51937,1004,437,439453,56937,1808,31,56457,60250,1792,125,225341,60312,2508,46,78491,53562,1504,515,752929,53500,1799,31,56335,55750,1003,31,31372,55750,3294,171,618164,60812,2509,31,78369,60812,967904,747440,877156,11500,120296,0,136940,60976,66156,168,70784,60808,8,0,205536,163300,762368,584140,0,0,1400,0,66136,9532,188,17248,12512,4736,688,768,0,0,0,483952,81772,245760,3180,131512,
1421970523997024,1010,62,62988,51937,1002,437,438476,56937,1805,31,56457,60250,1802,109,225585,60312,2519,46,78735,53500,1508,562,777343,53500,1805,31,56396,55687,1005,31,31433,55750,3295,187,617187,60812,2512,31,78491,60812,967904,747440,877164,11508,120296,0,136940,60984,66156,168,70784,60816,8,0,205536,163300,762368,584140,0,0,1400,0,66136,9532,188,17248,12512,4736,688,768,0,0,0,483952,81772,245760,3180,131512,
1421970528253765,1007,62,62988,51937,1005,453,455566,56937,1806,46,56396,60250,1802,109,197021,60312,2520,31,78735,53500,1505,500,753906,53500,1805,31,56335,55687,1003,31,31372,55687,3295,187,617187,60812,2510,31,78491,60812,967904,751716,880624,11516,119392,0,132068,61056,62176,168,69892,60888,8,0,205536,164740,762368,586976,0,0,412,0,62180,10284,188,17396,12516,4880,688,748,0,0,0,483952,82312,245760,3180,131512,
1421970532465698,1010,62,63110,51937,1003,437,438476,56937,1802,31,56396,60250,1792,125,168945,60312,2509,31,78491,53500,1504,515,776367,53500,1801,31,56396,55687,1004,31,31311,55750,3295,156,565429,60875,2508,31,78491,60812,967904,758000,886752,11524,119296,0,125772,60992,55972,168,69800,60824,8,0,205536,165940,762368,592060,0,0,176,0,55992,9220,188,17400,12516,4884,688,776,0,0,0,483952,93608,245760,3180,131512,
1421970536627606,1009,62,63110,51937,1006,453,470703,56937,1802,31,56396,60250,1801,93,169189,60312,2508,31,78613,53500,1507,500,775390,53500,1805,31,56396,55687,1002,31,31372,55687,3296,203,617187,60812,2510,31,78491,60812,967904,749940,879920,11524,120524,0,133220,61048,62248,168,70972,60880,8,0,205536,163756,762368,586184,0,0,1420,0,62236,9284,188,17380,12516,4864,688,820,0,0,0,483952,101156,245760,3180,131512,
1421970539876680,1010,62,78857,51937,1006,453,452636,56937,1808,31,56396,60250,1802,93,197021,60250,2508,46,117553,53500,1507,500,753906,53500,1803,31,56335,55687,1003,31,31311,55687,3294,171,617187,60812,2510,31,78613,60812,967904,749996,879988,11532,120556,0,133344,61004,62312,168,71032,60836,8,0,205536,163780,762368,586216,0,0,1452,0,62324,9484,188,17360,12512,4848,688,752,0,0,0,483952,81624,245760,3180,131512,
1421970543048302,1009,78,63110,51937,1004,515,548828,56937,1805,31,84472,60250,1795,109,168945,60250,2512,31,78735,53500,1507,500,752929,53500,1805,31,56335,55687,1002,31,31372,55687,3292,171,617187,60812,2512,31,78491,60812,967904,744580,874612,11532,120580,0,140140,61020,69076,168,71064,60852,8,0,205536,162580,762368,582000,0,0,1476,0,69084,9484,188,17344,12504,4840,688,768,0,0,0,483952,84780,245760,3180,131512,
1421970550538100,1010,62,63110,51937,1004,437,454589,56875,1808,31,56335,60250,1802,109,197265,60312,2518,31,117919,53500,1508,562,872070,53500,1803,31,56335,55687,1003,31,31433,55687,3290,203,566406,60812,2512,31,78491,60812,967904,744972,875032,11548,120584,0,139052,61032,67980,168,71072,60864,8,0,205536,162220,762368,582752,0,0,32,0,68028,9484,188,17388,12512,4876,688,764,0,0,0,483952,84396,245760,3180,131512,
1421970552594797,1010,62,62866,51937,1004,437,439453,56875,1802,31,56396,60250,1798,109,197265,60312,2509,31,78369,53500,1508,531,776367,53500,1802,31,56396,55687,1004,31,31372,55687,3294,203,668945,60812,2510,31,78491,60812,967904,744972,875032,11548,120584,0,139100,61032,68028,168,71072,60864,8,0,205536,162220,762368,582752,0,0,32,0,68028,9484,188,17392,12512,4880,688,764,0,0,0,483952,84396,245760,3180,131512,
1421970554654057,1010,78,63110,51937,1004,437,438964,56875,1806,31,56213,60250,1799,109,225097,60250,2509,46,117675,53500,1507,484,729492,53500,1802,31,56335,55625,1003,31,31311,55687,3298,171,668945,60812,2507,31,78491,60812,967904,744988,875056,11556,120584,0,139100,61040,68028,168,71072,60872,8,0,205536,162220,762368,582768,0,0,32,0,68028,9484,188,17376,12512,4864,688,764,0,0,0,483952,84396,245760,3180,131512,
1421970556711933,1010,62,62866,51937,1002,437,454589,56875,1803,31,56457,60250,1802,93,168945,60250,2518,31,78735,53500,1506,531,778320,53437,1802,31,56457,55625,1005,31,31311,55687,3294,203,617187,60812,2512,31,78369,60812,967904,744988,875056,11556,120584,0,139100,61040,68028,168,71072,60872,8,0,205536,162220,762368,582768,0,0,32,0,68028,9484,188,17376,12512,4864,688,764,0,0,0,483952,84396,245760,3180,131512,
1421970558770898,1010,46,78857,51937,1004,437,438964,56875,1805,31,56457,60250,1802,109,196777,60312,2513,31,78491,53500,1507,515,823242,53437,1805,31,56274,55687,1004,31,31311,55687,3294,203,617187,60812,2509,31,78369,60812,967904,744996,875056,11556,120584,0,139100,61040,68028,168,71072,60872,8,0,205536,162220,762368,582776,0,0,32,0,68028,9484,188,17312,12504,4808,688,764,0,0,0,483952,84396,245760,3180,131512,
1421970560833586,1009,93,78857,51937,1004,421,422851,56875,1806,31,56152,60250,1799,93,168945,60250,2516,46,78735,53500,1505,500,753906,53437,1802,31,56457,55687,1004,31,31433,55687,3292,187,618164,60812,2510,31,78613,60812,967904,744996,875064,11564,120584,0,139028,61048,67956,168,71072,60880,8,0,205536,162220,762368,582776,0,0,32,0,67956,9484,188,17312,12504,4808,688,764,0,0,0,483952,84396,245760,3180,131512,
1421970562891887,1007,78,47363,51875,1005,453,438964,56875,1803,31,56274,60187,1801,93,169189,60312,2508,31,78369,53500,1506,546,800781,53500,1802,31,56396,55687,1002,31,31311,55687,3290,171,565429,60875,2509,31,78369,60812,967904,744996,875064,11564,120592,0,138936,61048,67864,168,71072,60880,8,0,205536,162220,762368,582776,0,0,40,0,67844,9484,188,17268,12504,4764,688,764,0,0,0,483952,84396,245760,3180,131512,
1421970564950243,1010,62,47424,51937,1004,421,455566,56875,1799,31,56396,60250,1798,125,225097,60312,2507,62,196044,53500,1507,515,776367,53437,1802,31,56335,55625,1004,31,31433,55625,3296,156,566406,60875,2509,31,78613,60812,967904,744996,875072,11572,120592,0,138936,61056,67864,168,71072,60888,8,0,205536,162220,762368,582776,0,0,40,0,67844,9484,188,17268,12504,4764,688,764,0,0,0,483952,84396,245760,3180,131512,
1421970567008267,1008,46,63110,51937,1005,453,439941,56875,1808,31,84350,60250,1801,93,168945,60312,2519,46,78735,53500,1506,484,776367,53437,1801,31,56396,55687,1002,31,31372,55625,3292,187,668945,60875,2507,31,78491,60812,967904,744996,875072,11572,120592,0,138936,61056,67864,168,71072,60888,8,0,205536,162220,762368,582776,0,0,40,0,67844,9484,188,17236,12504,4732,688,764,0,0,0,483952,84396,245760,3180,131512,
1421970569065223,1009,78,78979,51937,1002,453,455566,56937,1799,31,84716,60250,1801,109,140380,60312,2516,46,78735,53500,1507,515,776367,53437,1801,31,56213,55687,1002,31,31372,55687,3294,187,617187,60812,2509,31,78491,60812,967904,744996,875072,11572,120592,0,138936,61056,67864,168,71072,60888,8,0,205536,162220,762368,582776,0,0,40,0,67844,9484,188,17236,12504,4732,688,764,0,0,0,483952,84396,245760,3180,131512,
1421970571123431,1010,78,94726,51937,1006,437,439453,56937,1808,31,56396,60250,1803,93,168701,60250,2520,31,78613,53500,1506,500,752929,53437,1802,31,56213,55687,1004,31,31372,55687,3294,203,668945,60812,2510,31,78369,60875,967904,744964,875048,11580,120592,0,138936,61064,67864,168,71072,60896,8,0,205536,162220,762368,582744,0,0,40,0,67844,9484,188,17228,12504,4724,688,764,0,0,0,483952,84396,245760,3180,131512,
1421970573182322,1009,46,63232,51937,1001,453,438964,56875,1805,31,56396,60250,1801,109,197265,60312,2520,31,78735,53500,1506,500,777343,53437,1799,31,56335,55687,1002,31,31372,55687,3292,171,567382,60875,2508,31,78613,60875,967904,744996,875080,11580,120592,0,138936,61064,67864,168,71072,60896,8,0,205536,162220,762368,582776,0,0,40,0,67844,9484,188,17228,12504,4724,688,764,0,0,0,483952,84396,245760,3180,131512,
1421970575238577,1010,78,47363,51937,999,437,422363,56875,1806,31,56396,60250,1803,93,224853,60312,2516,46,78613,53500,1502,500,800781,53437,1801,31,56335,55687,1002,31,31372,55687,3296,203,668945,60875,2510,31,78491,60812,967904,744996,875080,11588,120592,0,138936,61064,67864,168,71072,60896,8,0,205536,162220,762368,582776,0,0,40,0,67844,9484,188,17228,12504,4724,688,764,0,0,0,483952,84396,245760,3180,131512,
1421970577296896,1010,62,78857,51937,1002,421,440429,56937,1803,31,56396,60250,1801,93,197265,60312,2516,31,118041,53500,1506,500,800781,53437,1802,31,56396,55687,1004,31,31372,55687,3294,203,617187,60875,2512,31,78613,60875,967904,744988,875088,11588,120596,0,138936,61072,67864,168,71072,60904,8,0,205536,162220,762368,582768,0,0,40,0,67844,9484,188,17244,12512,4732,688,764,0,0,0,483952,84396,245760,3180,131512,
1421970579355547,1009,62,78979,51937,998,406,423828,56937,1803,31,56396,60250,1798,109,168945,60312,2520,31,78735,53500,1506,531,798828,53437,1801,31,56274,55687,1004,31,31433,55687,3294,187,565429,60875,2508,31,78613,60875,967904,744988,875088,11588,120600,0,138936,61072,67864,168,71072,60904,8,0,205536,162220,762368,582768,0,0,44,0,67844,9484,188,17244,12512,4732,688,764,0,0,0,483952,84396,245760,3180,131512,
1421970581418383,1013,62,62988,51937,1001,421,423339,56937,1808,31,56396,60250,1802,109,168945,60312,2516,31,78735,53500,1508,500,775390,53437,1803,31,56518,55687,1004,31,31372,55687,3290,218,720703,60875,2512,31,78613,60875,967904,744996,875112,11596,120608,0,138944,61080,67864,168,71080,60912,8,0,205536,162220,762368,582776,0,0,28,0,67844,9484,188,17236,12512,4724,688,764,0,0,0,483952,84396,245760,3180,131512,
1421970583476720,1009,78,63232,51937,1005,437,453125,56937,1805,31,56335,60250,1801,109,168212,60312,2519,62,78735,53500,1506,500,750976,53437,1802,31,56457,55687,1004,31,31372,55687,3292,171,566406,60875,2509,31,78491,60875,967904,744964,875080,11596,120608,0,138944,61080,67864,168,71080,60912,8,0,205536,162220,762368,582744,0,0,28,0,67844,9484,188,17236,12512,4724,688,764,0,0,0,483952,84396,245760,3180,131512,
1421970585534837,1008,62,63110,51937,1000,468,455078,56937,1808,31,56396,60250,1798,125,196289,60312,2508,31,78247,53500,1507,515,777343,53437,1805,31,56213,55687,1001,31,31372,55687,3290,171,514648,60875,2515,31,78491,60875,967904,744996,875112,11604,120600,0,138944,61080,67864,168,71080,60912,8,0,205536,162220,762368,582776,0,0,28,0,67844,9484,188,17236,12512,4724,688,764,0,0,0,483952,84396,245760,3180,131512,
1421970588705095,1008,78,94848,51937,1000,484,487304,56937,1798,31,56396,60312,1802,93,168945,60312,2516,31,78613,53500,1507,500,776367,53437,1802,31,56335,55687,1004,31,31372,55750,3292,171,616210,60875,2512,31,78491,60875,967904,748360,877780,11624,119864,0,135592,61088,65220,168,70372,60920,8,0,205536,164020,762368,584340,0,0,580,0,65148,10320,188,17364,12516,4848,688,764,0,0,0,483952,84556,245760,3180,131512,
1421970590746051,1009,62,63110,51937,1004,437,438476,56937,1808,31,56396,60312,1799,93,168945,60312,2519,46,157226,53500,1504,500,752929,53437,1798,31,56274,55687,1004,31,31311,55687,3290,187,667968,60875,2513,31,78491,60875,967904,746676,876100,11632,119872,0,136356,61088,65980,168,70376,60920,8,0,205536,163720,762368,582956,0,0,660,0,65932,10384,188,17364,12516,4848,688,772,0,0,0,483952,87048,245760,3180,131512,
1421970592803633,1009,62,78979,51937,1001,437,455566,56937,1805,31,56396,60250,1806,93,196777,60250,2516,31,78735,53437,1504,562,847656,53375,1803,31,56213,55687,1004,31,31372,55687,3292,187,618164,60875,2507,31,78491,60875,967904,754616,883660,11632,119480,0,129228,61096,59240,168,69988,60928,8,0,205536,165160,762368,589456,0,0,268,0,59220,9200,188,17364,12516,4848,688,784,0,0,0,483952,75952,245760,3180,131512,
1421970594863224,1010,78,94604,51937,1004,437,455566,56937,1802,46,56152,60250,1799,109,197021,60250,2515,46,117919,53437,1504,500,776367,53437,1801,31,56396,55625,1003,31,31372,55625,3295,187,617187,60875,2510,31,78491,60875,967904,750512,879580,11632,119504,0,133308,61096,63296,168,70012,60928,8,0,205536,164140,762368,586372,0,0,292,0,63296,9264,188,17332,12516,4816,688,756,0,0,0,483952,79912,245760,3180,131512,
1421970596921489,1006,78,78979,-500,1000,468,487792,56937,1805,31,56335,60250,1798,109,196777,60250,2519,31,78735,53437,1505,515,776367,53437,1803,31,56396,55625,1004,31,31372,55625,3295,203,668945,60875,2509,31,78491,60937,967904,748108,878068,11640,120388,0,136436,61104,65540,168,70896,60936,8,0,205536,163720,762368,584388,0,0,1176,0,65524,9264,188,17332,12516,4816,688,768,0,0,0,483952,80972,245760,3180,131512,
1421970599050403,1011,62,63110,51937,1002,437,454589,56937,1805,31,56213,60250,1801,125,168701,60250,2509,31,78491,53500,1506,500,753906,53437,1799,31,56396,55687,1003,31,31433,55687,3292,203,668945,60875,2512,31,78369,60875,967904,748088,878040,11640,120388,0,135512,61104,64616,168,70896,60936,8,0,205536,163516,762368,584572,0,0,1176,0,64632,9464,188,17280,12508,4772,688,768,0,0,0,483952,80972,245760,3180,131512,
1421970602167613,1012,62,63232,51937,1003,437,455078,56937,1805,31,56457,60250,1803,93,196289,60250,2508,62,117797,53500,1504,500,752929,53437,1803,31,56335,55687,1005,31,31433,55750,3288,218,668945,60875,2508,31,78613,60875,967904,748176,878132,11648,120404,0,135484,61112,64588,168,70896,60944,8,0,205536,163540,762368,584636,0,0,1192,0,64568,9528,188,17264,12504,4760,688,768,0,0,0,483952,80972,245760,3180,131512,
1421970606367805,1010,62,63232,51937,1005,453,454589,56937,1796,31,56457,60250,1802,93,140625,60250,2510,31,156494,53500,1506,515,800781,53437,1801,31,56396,55687,1003,31,31372,55687,3287,203,772460,60875,2512,31,78491,60875,967904,746516,876524,11656,120432,0,137436,61132,66508,168,70928,60964,8,0,205536,163120,762368,583396,0,0,1220,0,66516,9528,188,17296,12504,4792,688,768,0,0,0,483952,82932,245760,3180,131512,
1421970608425719,1009,93,94482,51937,1006,437,454589,56937,1806,31,56335,60250,1801,125,197021,60312,2520,31,78491,53500,1506,515,752929,53500,1803,31,56335,55687,1004,31,31372,55750,3296,187,668945,60875,2510,31,78369,60875,967904,747804,877816,11656,120436,0,136420,61136,65492,168,70928,60968,8,0,205536,163540,762368,584264,0,0,1224,0,65492,9528,188,17348,12504,4844,688,772,0,0,0,483952,82932,245760,3180,131512,
1421970610483485,1010,93,63110,51937,1004,437,439453,56937,1810,31,56457,60312,1803,109,168945,60312,2519,31,117797,53500,1506,578,847656,53437,1805,31,56518,55750,1004,31,31311,55750,3288,203,720703,60875,2516,31,78491,60875,967904,747556,877568,11664,120432,0,136704,61132,65772,168,70932,60964,8,0,205536,163540,762368,584016,0,0,1228,0,65792,9528,188,17348,12504,4844,688,772,0,0,0,483952,82932,245760,3180,131512,
1421970612542155,1008,62,78979,51937,1006,437,439941,56937,1806,31,56579,60312,1802,109,196777,60312,2518,46,78613,53500,1507,515,776367,53500,1805,31,56213,55750,1004,31,31372,55750,3296,187,668945,60875,2508,31,78491,60875,967904,747548,877580,11664,120448,0,136056,61140,65120,168,70936,60972,8,0,205536,163540,762368,584008,0,0,1212,0,65144,9528,188,17364,12512,4852,688,768,0,0,0,483952,82932,245760,3180,131512,
1421970614601506,1007,93,94726,51937,1001,468,440429,56937,1805,31,56396,60312,1803,93,196777,60312,2515,31,118041,53500,1509,515,777343,53500,1805,31,56335,55750,1006,31,31372,55750,3295,171,565429,60875,2512,31,78613,60875,967904,747548,877588,11664,120448,0,136448,61140,65504,168,70944,60972,8,0,205536,163540,762368,584008,0,0,1212,0,65540,9528,188,17312,12512,4800,688,768,0,0,0,483952,82932,245760,3180,131512,
1421970616659715,1011,62,63110,51937,1004,421,423828,56937,1798,31,56213,60312,1801,93,168945,60312,2519,46,78613,53500,1506,515,799804,53437,1801,31,56213,55750,1005,31,31372,55750,3285,171,566406,60875,2510,31,78613,60875,967904,748100,878156,11672,120456,0,136284,61148,65332,168,70952,60980,8,0,205536,163720,762368,584380,0,0,1220,0,65344,9528,188,17312,12512,4800,688,768,0,0,0,483952,82932,245760,3180,131512,
1421970618717518,1010,78,47424,51937,1004,468,455078,56937,1806,31,56457,60312,1801,93,168945,60312,2520,31,78735,53500,1506,500,752929,53437,1806,31,56396,55750,1003,31,31311,55750,3295,187,668945,60875,2507,31,78491,60875,967904,748108,878164,11672,120464,0,136252,61148,65300,168,70952,60980,8,0,205536,163720,762368,584388,0,0,1228,0,65328,9528,188,17260,12512,4748,688,768,0,0,0,483952,82932,245760,3180,131512,
1421970620776391,1009,62,78979,51937,1006,437,423828,56937,1801,31,56457,60312,1801,109,197021,60312,2512,31,78735,53500,1507,500,799804,53437,1799,31,56396,55687,1004,31,31433,55750,3291,171,668945,60875,2512,31,78491,60875,967904,747860,877924,11680,120456,0,136260,61148,65300,168,70960,60980,8,0,205536,163720,762368,584140,0,0,1128,0,65320,9528,188,17260,12512,4748,688,768,0,0,0,483952,82932,245760,3180,131512,
1421970622833825,1009,62,63110,51937,1007,437,439941,56937,1798,31,56457,60312,1798,93,169189,60375,2516,46,117919,53500,1506,500,778320,53437,1802,31,56396,55750,1001,31,31372,55750,3291,203,668945,60937,2509,31,78613,60875,967904,747976,878056,11680,120472,0,136268,61156,65300,168,70968,60988,8,0,205536,163720,762368,584256,0,0,1136,0,65312,9528,188,17236,12512,4724,688,768,0,0,0,483952,82932,245760,3180,131512,
1421970624896015,1009,46,47302,51937,1002,468,487792,56875,1798,46,56396,60312,1798,109,252929,60375,2510,31,78613,53500,1505,500,752929,53437,1801,31,56396,55750,1004,31,31372,55750,3291,171,566406,60875,2510,31,78613,60875,967904,747852,877932,11680,120480,0,136296,61156,65328,168,70968,60988,8,0,205536,163720,762368,584132,0,0,1144,0,65340,9528,188,17236,12512,4724,688,768,0,0,0,483952,82932,245760,3180,131512,
1421970626953247,1009,78,63232,51937,1004,453,439941,56875,1806,31,56335,60312,1801,125,225097,60375,2513,31,117553,53500,1504,562,800781,53437,1802,31,56396,55812,1004,31,31433,55812,3291,203,566406,60875,2510,31,78491,60875,967904,748576,878696,11692,120496,0,135536,61224,64600,168,70936,61056,8,0,205536,164320,762368,584256,0,0,956,0,64632,9240,188,17248,12516,4732,688,816,0,0,0,483952,82384,245760,3180,131512,
1421970629010479,1010,62,78857,51937,1000,437,408203,56937,1805,31,56335,60312,1803,125,225585,60375,2504,31,78369,53500,1507,546,800781,53437,1802,31,56396,55812,1004,31,31372,55750,3291,250,823242,60875,2509,31,78369,60875,967904,758220,887448,11692,119592,0,124880,61212,54824,168,70056,61044,8,0,205536,166120,762368,592100,0,0,4,100,54816,8156,188,17248,12516,4732,688,768,0,0,0,483952,77232,245760,3180,131512,
1421970631104225,1010,46,47363,51937,1005,421,423339,56937,1806,31,56396,60312,1802,93,168945,60312,2516,31,117797,53500,1506,515,752929,53437,1801,31,56152,55750,1002,31,31372,55750,3294,187,514648,60875,2507,31,78491,60875,967904,751168,880608,11700,119812,0,133104,61232,62856,168,70248,61064,8,0,205536,164680,762368,586488,0,0,332,0,62864,10284,188,17312,12516,4796,688,748,0,0,0,483952,82344,245760,3180,131512,
1421970633160885,1008,78,63110,51937,1002,453,454101,56937,1803,31,56457,60312,1802,109,196777,60312,2519,31,78735,53500,1507,515,847656,53437,1798,31,56396,55750,1003,31,31372,55750,3291,203,668945,60937,2510,31,78491,60875,967904,748264,877716,11700,119820,0,135272,61228,65008,168,70264,61060,8,0,205536,163780,762368,584484,0,0,348,0,64988,10384,188,17316,12516,4800,688,768,0,0,0,483952,85484,245760,3180,131512,
1421970635219721,1011,62,63232,51937,1002,453,469726,56937,1806,31,56457,60312,1801,109,140625,60312,2518,31,118041,53500,1507,500,752929,53437,1802,31,56274,55687,1003,31,31433,55750,3290,203,669921,60937,2510,31,78491,60937,967904,756604,885932,11700,119732,0,126900,61296,56828,168,70072,61128,8,0,205536,165940,762368,590664,0,0,260,0,56808,9176,188,17308,12516,4792,688,768,0,0,0,483952,93648,245760,3180,131512,
1421970637276418,1010,46,62988,51937,1006,437,423828,56937,1796,31,56396,60312,1802,125,224853,60375,2519,46,78735,53500,1506,531,752929,53437,1805,31,56152,55687,1005,31,31372,55750,3295,187,565429,60937,2510,31,78491,60937,967904,750564,879932,11708,119728,0,133180,61236,63008,168,70172,61068,8,0,205536,164440,762368,586124,0,0,280,0,62996,9284,188,17308,12516,4792,688,748,0,0,0,483952,79176,245760,3180,131512,
1421970639334387,1010,62,62988,51937,1004,453,439453,56937,1796,31,56396,60312,1801,125,225097,60312,2520,31,157470,53500,1506,515,751953,53437,1802,31,56396,55750,1002,31,31372,55750,3288,203,618164,60937,2510,31,78369,60937,967904,747880,878220,11708,120644,0,135828,61236,64684,168,71144,61068,8,0,205536,164020,762368,583860,0,0,1196,0,64644,9284,188,17288,12516,4772,688,860,0,0,0,483952,141172,245760,3180,131512,
1421970641391527,1010,62,63232,51937,1001,453,454589,56937,1806,31,56457,60312,1801,109,168701,60312,2519,31,78613,53500,1505,515,753906,53437,1801,31,56396,55687,1003,31,31372,55750,3292,171,618164,60875,2510,31,78491,60875,967904,741640,871992,11708,120712,0,142000,61236,70844,168,71156,61068,8,0,205536,162460,762368,579180,0,0,1264,0,70916,9284,188,17288,12516,4772,688,772,0,0,0,483952,88264,245760,3180,131512,
1421970643448869,1010,78,78857,51937,1005,453,454101,56937,1799,31,84350,60312,1799,109,197509,60375,2520,31,78613,53500,1504,515,753906,53437,1803,31,56396,55687,1003,31,31372,55687,3292,171,566406,60875,2509,31,78369,60937,967904,740836,871184,11716,120712,0,142848,61244,71692,168,71156,61076,8,0,205536,162400,762368,578436,0,0,1268,0,71684,9284,188,17256,12504,4752,688,772,0,0,0,483952,88264,245760,3180,131512,
1421970645510654,1011,62,47363,52000,1000,453,454589,56937,1805,31,56396,60375,1802,109,168945,60375,2515,46,196777,53437,1507,515,776367,53437,1801,31,56396,55687,1004,31,31433,55750,3299,187,668945,60875,2509,31,78491,60875,967904,740412,870760,11716,120712,0,143296,61244,72140,168,71156,61076,8,0,205536,162256,762368,578156,0,0,1268,0,72156,9284,188,17248,12504,4744,688,776,0,0,0,483952,90208,245760,3180,131512,
1421970647578024,1007,62,62988,52000,1004,437,439941,56937,1803,31,56396,60312,1802,93,196044,60312,2510,31,117431,53437,1506,515,799804,53437,1802,31,56396,55687,1004,31,31372,55750,3295,171,565429,60875,2508,31,78491,60875,967904,740352,870700,11716,120712,0,143588,61244,72432,168,71156,61076,8,0,205536,162040,762368,578312,0,0,1268,0,72440,9284,188,17248,12504,4744,688,776,0,0,0,483952,90208,245760,3180,131512,
1421970649635753,1011,62,63232,52000,1004,453,438964,56937,1803,31,56396,60375,1798,109,197021,60375,2515,31,78735,53500,1506,546,894531,53500,1805,31,56396,55750,1004,31,31433,55750,3295,171,668945,60875,2512,31,78491,60875,967904,746576,876924,11716,120728,0,136484,61244,65328,168,71156,61076,8,0,205536,163180,762368,583396,0,0,1284,0,65308,9464,188,17248,12504,4744,688,764,0,0,0,483952,84864,245760,3180,131512,
1421970651693962,1012,62,47302,51937,1004,437,439453,56937,1803,31,56396,60375,1803,93,168945,60375,2519,31,78735,53500,1506,562,752929,53437,1799,31,56396,55750,1005,31,31433,55750,3288,187,617187,60875,2509,31,78613,60875,967904,746544,876892,11716,120736,0,136484,61244,65328,168,71156,61076,8,0,205536,163180,762368,583364,0,0,1292,0,65308,9484,188,17248,12504,4744,688,764,0,0,0,483952,84864,245760,3180,131512,
1421970653752060,1009,62,62988,51937,1004,437,438476,56937,1801,31,56396,60375,1805,125,225341,60375,2510,31,78369,53500,1505,562,847656,53437,1803,31,56396,55750,1004,31,31372,55750,3288,203,668945,60875,2508,31,78491,60875,967904,747724,878080,11724,120752,0,135232,61252,64076,168,71156,61084,8,0,205536,163648,762368,584076,0,0,1308,0,64056,9484,188,17244,12504,4740,688,764,0,0,0,483952,82656,245760,3180,131512,
1421970655810324,1010,46,63110,51937,1004,437,440917,56937,1803,31,56396,60312,1796,93,197265,60375,2518,31,117919,53500,1506,515,776367,53437,1805,31,56396,55750,1004,31,31372,55750,3290,203,565429,60937,2512,31,78613,60875,967904,741756,872172,11724,120764,0,141928,61264,70732,168,71196,61096,8,0,205536,162460,762368,579296,0,0,1308,0,70732,9484,188,17264,12512,4752,688,772,0,0,0,483952,87836,245760,3180,131512,
1421970657867279,1010,78,63110,51937,1002,437,438476,56937,1802,31,56396,60375,1801,109,167968,60375,2516,46,78857,53500,1507,500,777343,53437,1808,31,56335,55750,1003,31,31372,55750,3294,187,566406,60875,2513,31,78369,60875,967904,740764,871180,11732,120764,0,142892,61264,71696,168,71196,61096,8,0,205536,162460,762368,578304,0,0,1308,0,71728,9484,188,17264,12512,4752,688,776,0,0,0,483952,89816,245760,3180,131512,
1421970659923332,1007,62,78979,51937,1004,421,408203,56937,1802,31,56335,60312,1801,93,168945,60375,2508,31,156738,53500,1506,546,800781,53437,1802,31,56396,55750,1002,31,31372,55750,3294,171,514648,60875,2512,31,78613,60875,967904,740516,870940,11732,120764,0,142716,61272,71520,168,71196,61104,8,0,205536,162460,762368,578056,0,0,1308,0,71556,9484,188,17264,12512,4752,688,772,0,0,0,483952,89816,245760,3180,131512,
1421970661980822,1011,93,94604,52000,1000,437,438476,57000,1808,31,56518,60312,1799,93,168945,60375,2520,31,78613,53500,1507,531,799804,53437,1808,31,56457,55750,1004,31,31433,55750,3290,171,616210,60937,2513,31,78369,60875,967904,740508,870932,11732,120764,0,142772,61272,71576,168,71196,61104,8,0,205536,162460,762368,578048,0,0,1140,0,71592,9484,188,17272,12512,4760,688,772,0,0,0,483952,89816,245760,3180,131512,
1421970664038735,1009,93,78857,52000,1004,453,455566,57000,1801,31,56396,60312,1796,93,168945,60375,2512,31,78369,53500,1506,546,823242,53500,1806,31,56396,55750,1003,31,31372,55750,3298,203,617187,60875,2516,31,78369,60875,967904,740476,870900,11740,120756,0,142772,61272,71576,168,71196,61104,8,0,205536,162460,762368,578016,0,0,1140,0,71592,9484,188,17272,12512,4760,688,772,0,0,0,483952,89816,245760,3180,131512,
1421970666096410,1010,62,63110,52000,1001,421,423339,56937,1802,46,56396,60312,1803,109,168945,60375,2518,31,117797,53500,1505,515,776367,53500,1801,31,56396,55750,1005,31,31372,55750,3290,218,772460,60875,2512,31,78491,60875,967904,740508,870940,11740,120764,0,142772,61280,71576,168,71196,61112,8,0,205536,162460,762368,578048,0,0,56,1108,71592,9484,188,17272,12512,4760,688,772,0,0,0,483952,89816,245760,3180,131512,
1421970668154324,1010,46,63110,52000,1003,421,424316,56937,1803,31,56457,60312,1799,109,169189,60375,2513,31,117919,53500,1504,625,916992,53437,1801,31,56396,55750,1003,31,31372,55750,3291,171,617187,60937,2510,31,78491,60875,967904,740508,870948,11740,120772,0,142776,61284,71576,168,71200,61116,8,0,205536,162460,762368,578048,0,0,20,8,71592,9484,188,17272,12512,4760,688,772,0,0,0,483952,89816,245760,3180,131512,
1421970670216827,1007,62,62988,52000,1002,453,423828,56937,1809,31,56396,60375,1799,109,197021,60375,2516,31,78613,53500,1503,515,799804,53437,1799,31,56152,55750,1003,31,31372,55750,3291,187,565429,60937,2509,31,78491,60937,967904,740508,870948,11748,120764,0,142776,61284,71576,168,71200,61116,8,0,205536,162460,762368,578048,0,0,20,0,71592,9484,188,17272,12512,4760,688,772,0,0,0,483952,89816,245760,3180,131512,
1421970672274372,1008,62,62988,52000,1004,453,455566,56937,1798,31,56396,60375,1798,109,225097,60375,2512,31,78613,53437,1508,500,752929,53437,1803,31,56396,55687,1004,31,31433,55687,3291,203,666992,60937,2513,31,78369,60875,967904,742752,873200,11748,120780,0,140252,61292,69052,168,71200,61124,8,0,205536,162868,762368,579884,0,0,48,0,69068,9484,188,17272,12512,4760,688,772,0,0,0,483952,87468,245760,3180,131512,
1421970674331291,1010,93,94848,52000,1007,421,421875,56937,1802,31,56396,60312,1795,125,197265,60375,2516,31,78735,53437,1507,515,799804,53437,1803,31,56396,55750,1004,31,31433,55750,3292,203,719726,60937,2508,31,78491,60937,967904,742556,873012,11748,120780,0,141100,61292,69892,168,71208,61124,8,0,205536,162880,762368,579676,0,0,48,0,69892,9484,188,17256,12512,4744,688,772,0,0,0,483952,87468,245760,3180,131512,
1421970676390237,1010,78,62988,51937,1000,437,439453,56937,1802,31,56518,60312,1805,125,197021,60312,2509,31,156738,53437,1506,531,824218,53437,1801,31,56213,55750,1004,31,31433,55750,3298,203,667968,60937,2509,31,78491,60937,967904,742556,873020,11756,120780,0,141100,61300,69892,168,71208,61132,8,0,205536,162880,762368,579676,0,0,52,0,69892,9484,188,17256,12512,4744,688,772,0,0,0,483952,87468,245760,3180,131512,
1421970678448022,1009,78,62988,51937,1000,406,406738,56937,1808,31,56396,60312,1801,93,168701,60375,2518,31,78735,53437,1505,546,800781,53437,1801,31,56274,55750,1004,31,31311,55687,3296,171,617187,60937,2513,31,78491,60937,967904,742556,873012,11756,120780,0,141100,61300,69892,168,71208,61132,8,0,205536,162880,762368,579676,0,0,52,0,69892,9484,188,17244,12504,4740,688,772,0,0,0,483952,87468,245760,3180,131512,
1421970680506452,1009,62,63232,51937,1002,453,455078,56937,1806,31,56396,60312,1802,93,168945,60375,2510,46,78613,53437,1506,625,917968,53437,1798,31,56518,55687,1004,31,31372,55750,3287,203,668945,60937,2513,31,78491,60937,967904,742556,873020,11764,120780,0,141100,61308,69892,168,71208,61140,8,0,205536,162880,762368,579676,0,0,52,0,69892,9484,188,17244,12504,4740,688,772,0,0,0,483952,87468,245760,3180,131512,
1421970682564550,1009,62,94360,51937,1007,406,423339,56937,1803,31,56518,60312,1799,109,197021,60375,2508,62,78369,53437,1503,531,871093,53437,1801,31,56396,55687,1005,31,31433,55687,3288,171,566406,60937,2515,31,78613,60937,967904,742556,873020,11764,120780,0,141100,61308,69892,168,71208,61140,8,0,205536,162880,762368,579676,0,0,52,0,69892,9484,188,17244,12504,4740,688,772,0,0,0,483952,87468,245760,3180,131512,
1421970684622758,1009,62,78979,51937,1005,421,423828,56937,1806,31,56213,60312,1799,125,224853,60375,2519,31,78613,53437,1506,531,846679,53437,1801,31,56213,55687,1002,31,31372,55687,3291,187,617187,60937,2510,31,78369,60937,967904,742680,873144,11764,120780,0,140184,61308,68976,168,71208,61140,8,0,205536,162880,762368,579800,0,0,52,0,68956,9484,188,17244,12504,4740,688,768,0,0,0,483952,87468,245760,3180,131512,
1421970686681262,1010,62,62988,51937,1004,437,455078,56937,1806,31,56335,60312,1801,93,169189,60375,2510,31,78491,53437,1507,515,777343,53437,1805,31,56396,55687,1004,31,31372,55687,3299,187,616210,60937,2510,31,78491,60937,967904,742680,873152,11772,120780,0,140184,61316,68976,168,71208,61148,8,0,205536,162880,762368,579800,0,0,52,0,68956,9484,188,17244,12504,4740,688,768,0,0,0,483952,87468,245760,3180,131512,
1421970688739176,1004,93,78979,51937,1005,437,424804,56937,1808,31,56396,60312,1802,109,196289,60375,2515,31,78613,53437,1506,531,848632,53437,1803,31,56335,55687,1005,31,31372,55687,3294,171,617187,60937,2509,31,78491,60937,967904,742680,873152,11772,120780,0,140184,61316,68976,168,71208,61148,8,0,205536,162880,762368,579800,0,0,52,0,68956,9484,188,17244,12504,4740,688,768,0,0,0,483952,87468,245760,3180,131512,
1421970690798251,1009,62,78857,52000,1004,437,438964,56937,1809,31,56396,60375,1798,93,168945,60375,2509,31,117431,53437,1506,546,846679,53437,1801,31,56457,55687,1003,31,31372,55687,3294,203,617187,60937,2512,31,78491,60937,967904,742648,873120,11780,120780,0,140184,61316,68976,168,71208,61148,8,0,205536,162880,762368,579768,0,0,60,0,68956,9484,188,17244,12504,4740,688,768,0,0,0,483952,87468,245760,3180,131512,
1421970692860865,1005,93,78979,52000,1004,421,439453,56937,1805,31,84472,60375,1802,93,196777,60375,2518,31,78613,53437,1506,531,800781,53437,1799,31,56274,55687,1003,31,31372,55750,3288,203,668945,60937,2509,31,78613,60937,967904,742680,873160,11780,120788,0,140184,61324,68976,168,71208,61156,8,0,205536,162880,762368,579800,0,0,60,0,68956,9484,188,17244,12504,4740,688,768,0,0,0,483952,87468,245760,3180,131512,
1421970694919959,1009,62,78857,52000,1004,421,439941,56937,1808,31,84716,60375,1802,78,141113,60375,2518,31,78491,53437,1506,515,753906,53437,1796,31,56396,55687,1004,31,31372,55750,3290,187,566406,60937,2510,31,78369,60875,967904,742680,873160,11780,120788,0,140184,61324,68976,168,71208,61156,8,0,205536,162880,762368,579800,0,0,60,0,68956,9484,188,17244,12504,4740,688,768,0,0,0,483952,87468,245760,3180,131512,
1421970696978020,1010,78,47363,52000,1004,421,408203,56937,1802,31,56213,60375,1802,125,225585,60375,2518,31,117919,53437,1504,546,869140,53437,1802,31,56396,55687,1003,31,31372,55687,3292,187,666992,60875,2507,31,78491,60875,967904,742672,873160,11788,120780,0,140184,61324,68976,168,71208,61156,8,0,205536,162880,762368,579792,0,0,44,0,68956,9484,188,17260,12512,4748,688,768,0,0,0,483952,87468,245760,3180,131512,
1421970699036800,1006,46,78979,52000,1001,406,406738,56937,1805,31,56396,60375,1803,93,197265,60375,2508,31,78369,53437,1504,531,799804,53437,1803,31,56335,55687,1004,31,31372,55687,3292,187,668945,60937,2513,31,78369,60937,967904,742672,873168,11788,120788,0,140184,61332,68976,168,71208,61164,8,0,205536,162880,762368,579792,0,0,44,0,68956,9484,188,17260,12512,4748,688,768,0,0,0,483952,87468,245760,3180,131512,
1421970701094696,1010,46,63232,52000,1001,437,439941,56937,1799,31,56457,60312,1795,125,225341,60375,2512,31,157226,53500,1505,531,775390,53437,1802,31,56396,55687,1003,31,31372,55750,3290,171,515625,60875,2510,31,78613,60875,967904,742672,873168,11788,120788,0,140184,61332,68976,168,71208,61164,8,0,205536,162880,762368,579792,0,0,8,0,68956,9484,188,17260,12512,4748,688,768,0,0,0,483952,87468,245760,3180,131512,
1421970703152978,1010,78,63232,52000,1001,406,422851,56937,1801,31,56213,60375,1801,93,196289,60375,2516,31,156982,53437,1507,578,776367,53437,1801,31,56213,55687,1002,31,31311,55687,3294,203,669921,60875,2510,31,78613,60875,967904,742672,873168,11796,120780,0,140184,61332,68976,168,71208,61164,8,0,205536,162880,762368,579792,0,0,8,0,68956,9484,188,17260,12512,4748,688,768,0,0,0,483952,87468,245760,3180,131512,
1421970705211740,1008,78,62988,51937,1002,406,408691,56937,1805,46,56335,60312,1799,125,169189,60375,2515,78,78613,53500,1504,531,777343,53437,1799,31,56213,55687,1003,31,31311,55687,3295,171,668945,60937,2513,31,78491,60875,967904,742672,873176,11796,120788,0,140184,61340,68976,168,71208,61172,8,0,205536,162880,762368,579792,0,0,24,0,68956,9484,188,17260,12512,4748,688,768,0,0,0,483952,87468,245760,3180,131512,
1421970707304748,1008,62,63232,51937,1000,421,422851,56937,1801,31,56213,60312,1802,109,169189,60375,2518,46,78735,53500,1503,515,800781,53500,1799,31,56396,55687,1005,31,31433,55750,3294,203,666992,60937,2513,31,78613,60875,967904,742680,873184,11796,120788,0,140184,61340,68976,168,71208,61172,8,0,205536,162880,762368,579800,0,0,24,0,68956,9484,188,17252,12512,4740,688,768,0,0,0,483952,87468,245760,3180,131512,
1421970709362883,1009,62,94726,52000,1007,437,438476,56937,1808,31,56518,60375,1801,109,197265,60375,2516,31,78491,53500,1504,531,800781,53437,1803,31,56335,55687,1003,31,31372,55750,3292,203,668945,60937,2515,31,78613,60937,967904,742680,873200,11804,120796,0,140188,61352,68976,168,71212,61184,8,0,205536,162880,762368,579800,0,0,36,0,68956,9484,188,17252,12512,4740,688,768,0,0,0,483952,87468,245760,3180,131512,
1421970711421553,1009,62,47363,52000,1001,421,455566,57000,1806,31,56274,60312,1802,93,197021,60375,2513,31,78369,53500,1508,515,798828,53437,1805,31,56396,55750,1001,31,31433,55750,3294,187,566406,60937,2510,31,78491,60937,967904,742680,873192,11804,120796,0,140188,61352,68976,168,71212,61184,8,0,205536,162880,762368,579800,0,0,36,0,68956,9484,188,17244,12504,4740,688,768,0,0,0,483952,87468,245760,3180,131512,
1421970713484536,1009,78,78979,52000,1002,390,407714,57000,1796,31,56396,60375,1802,93,196777,60375,2508,31,78369,53500,1505,515,776367,53437,1805,31,56396,55750,1003,31,31372,55750,3292,203,618164,60937,2509,31,78613,60937,967904,742648,873160,11804,120796,0,140184,61352,68972,168,71212,61184,8,0,205536,162880,762368,579768,0,0,36,0,68952,9484,188,17244,12504,4740,688,768,0,0,0,483952,87468,245760,3180,131512,
1421970715542413,1009,78,63110,52000,1003,421,438964,57000,1805,31,56396,60312,1802,93,168945,60375,2521,46,117797,53500,1505,531,776367,53437,1805,31,56213,55750,1004,31,31372,55750,3295,203,669921,60937,2513,31,78369,60937,967904,742680,873200,11812,120796,0,140184,61360,68972,168,71212,61192,8,0,205536,162880,762368,579800,0,0,36,0,68952,9484,188,17244,12504,4740,688,768,0,0,0,483952,87468,245760,3180,131512,
1421970717601414,1007,62,78979,52000,1003,421,408203,57000,1796,31,56396,-500,1796,109,197265,60375,2518,31,78735,53500,1506,515,799804,53437,1801,31,56213,55750,1001,31,31372,55750,3292,203,668945,61000,2512,31,78491,60937,967904,742680,873200,11812,120796,0,140184,61360,68972,168,71212,61192,8,0,205536,162880,762368,579800,0,0,36,0,68952,9484,188,17244,12504,4740,688,768,0,0,0,483952,87468,245760,3180,131512,
1421970719694828,1011,62,94482,52000,1002,437,422363,56937,1796,31,84716,60375,1805,109,169189,60375,2510,31,78369,53562,1506,515,799804,53500,1805,31,56396,55750,1005,31,31372,55750,3290,187,668945,60937,2510,31,78369,60937,967904,742680,873200,11812,120796,0,140184,61360,68972,168,71212,61192,8,0,205536,162880,762368,579800,0,0,36,0,68952,9484,188,17244,12504,4740,688,768,0,0,0,483952,87468,245760,3180,131512,
1421970721753313,1009,62,63110,52000,1005,437,439453,56937,1805,31,84594,60375,1801,109,225341,60375,2520,31,78735,53562,1505,515,776367,53500,1805,31,56457,55750,1001,31,31433,55750,3290,187,566406,60937,2515,31,78613,60937,967904,742648,873176,11820,120796,0,140184,61368,68972,168,71212,61200,8,0,205536,162880,762368,579768,0,0,36,0,68952,9484,188,17248,12504,4744,688,768,0,0,0,483952,87468,245760,3180,131512,
1421970723812038,1007,62,63232,52000,1003,453,437011,57000,1803,31,56274,60312,1801,93,168701,60375,2516,31,78613,53500,1506,515,776367,53500,1803,31,56152,55750,1003,31,31433,55750,3291,171,617187,60937,2509,31,78491,60937,967904,742680,873208,11820,120796,0,140184,61368,68972,168,71212,61200,8,0,205536,162880,762368,579800,0,0,36,0,68952,9484,188,17248,12504,4744,688,768,0,0,0,483952,87468,245760,3180,131512,
1421970725870450,1010,62,63110,52000,1005,437,421875,57000,1802,31,56396,60375,1801,109,168945,60375,2513,46,157470,53500,1507,515,777343,53437,1802,31,56396,55687,1004,31,31433,55687,3291,187,668945,60937,2512,31,78491,60937,967904,742680,873208,11820,120796,0,140184,61368,68972,168,71212,61200,8,0,205536,162880,762368,579800,0,0,36,0,68952,9484,188,17248,12504,4744,688,768,0,0,0,483952,87468,245760,3180,131512,
1421970727929156,1010,62,63110,52000,1002,421,406250,57000,1809,31,56396,60375,1803,93,169189,60375,2510,31,78491,53500,1504,546,799804,53437,1802,31,56274,55750,1004,31,31372,55750,3295,187,617187,60937,2510,31,78491,60937,967904,742680,873216,11828,120796,0,140184,61376,68972,168,71212,61208,8,0,205536,162880,762368,579800,0,0,36,0,68952,9484,188,17248,12504,4744,688,768,0,0,0,483952,87468,245760,3180,131512,
1421970729987678,1010,46,63232,52000,1004,421,423339,57000,1805,31,56518,60312,1801,109,224609,60375,2505,31,117553,53500,1507,515,777343,53500,1805,31,56518,55750,1002,31,31433,55687,3296,187,617187,60937,2508,31,78369,60937,967904,742680,873216,11828,120796,0,140184,61376,68972,168,71212,61208,8,0,205536,162880,762368,579800,0,0,36,0,68952,9484,188,17244,12504,4740,688,768,0,0,0,483952,87468,245760,3180,131512,
1421970732055195,1010,62,63110,52000,1005,421,424804,57000,1802,31,56396,60312,1802,109,196289,60312,2519,46,117797,53500,1503,515,752929,53500,1803,31,56396,55750,1002,31,31372,55750,3290,203,667968,60937,2510,31,78491,60875,967904,742672,873212,11828,120796,0,140180,61376,68968,168,71212,61208,8,0,205536,162880,762368,579792,0,0,28,0,68948,9484,188,17256,12508,4748,688,768,0,0,0,483952,87468,245760,3180,131512,
1421970734113441,1012,78,78857,52000,1001,437,424316,57000,1802,31,56457,60312,1801,109,225097,60312,2516,31,78613,53562,1504,546,776367,53500,1802,31,56335,55750,1004,31,31433,55750,3291,171,668945,60937,2518,31,78369,60875,967904,742672,873220,11836,120796,0,140180,61384,68968,168,71212,61216,8,0,205536,162880,762368,579792,0,0,36,0,68948,9484,188,17256,12508,4748,688,768,0,0,0,483952,87468,245760,3180,131512,
1421970736171502,1007,78,63110,52000,1001,437,438964,57000,1801,31,56518,60375,1802,109,196777,60375,2508,46,78247,53500,1504,531,799804,53500,1801,31,56396,55750,1004,31,31433,55812,3296,187,616210,60937,2512,31,78613,60875,967904,742640,873192,11836,120796,0,140180,61384,68968,168,71212,61216,8,0,205536,162880,762368,579760,0,0,20,8,68948,9484,188,17260,12512,4748,688,768,0,0,0,483952,87468,245760,3180,131512,
1421970738228863,1009,62,79101,52000,1001,437,440429,57000,1801,31,56518,60312,1803,109,196777,60375,2519,31,78491,53500,1506,515,800781,53500,1803,31,56396,55750,1002,31,31433,55750,3290,203,668945,60875,2509,31,78491,60875,967904,742640,873192,11836,120796,0,140180,61384,68968,168,71212,61216,8,0,205536,162880,762368,579760,0,0,8,0,68948,9484,188,17260,12512,4748,688,768,0,0,0,483952,87468,245760,3180,131512,
1421970740286722,1008,93,94726,52000,1003,453,455566,57000,1801,31,56335,60312,1802,109,197265,60375,2508,78,78369,53500,1506,500,752929,53500,1799,31,56518,55750,1004,31,31311,55750,3291,187,668945,60875,2509,31,78369,60875,967904,742672,873232,11844,120796,0,140560,61392,69348,168,71212,61224,8,0,205536,162880,762368,579792,0,0,24,0,69328,9484,188,17260,12512,4748,688,768,0,0,0,483952,87468,245760,3180,131512,
1421970742344857,1010,78,78979,52062,1004,437,439453,57000,1806,31,56396,60375,1802,93,168457,60375,2512,31,78735,53500,1506,546,847656,53500,1799,31,56396,55750,1003,31,31372,55750,3294,187,668945,60937,2510,31,78491,60875,967904,742680,873248,11844,120796,0,140572,61392,69352,168,71220,61224,8,0,205536,162880,762368,579800,0,0,24,0,69348,9484,188,17252,12512,4740,688,772,0,0,0,483952,87468,245760,3180,131512,
1421970744403066,1009,62,47302,52000,1005,453,437500,57000,1805,46,56518,60312,1802,109,197021,60375,2519,46,118041,53562,1506,515,776367,53500,1806,31,56213,55750,1003,31,31372,55750,3295,203,667968,60937,2510,31,78613,60937,967904,742680,873248,11852,120804,0,140572,61392,69352,168,71220,61224,8,0,205536,162880,762368,579800,0,0,32,0,69348,9484,188,17252,12512,4740,688,772,0,0,0,483952,87468,245760,3180,131512,
1421970746460556,1009,93,62866,52062,1002,437,423828,57000,1799,31,56518,60312,1801,125,197509,60375,2507,31,117431,53500,1504,531,778320,53500,1803,31,56335,55750,1001,31,31433,55750,3292,218,668945,60937,2510,31,78491,60937,967904,742680,873252,11852,120804,0,140572,61400,69352,168,71220,61232,8,0,205536,162880,762368,579800,0,0,32,0,69348,9484,188,17248,12508,4740,688,772,0,0,0,483952,87468,245760,3180,131512,
1421970748519889,1007,62,78735,52062,1002,421,423828,57000,1802,31,56335,60375,1802,93,168945,60375,2519,31,78613,53500,1506,531,800781,53500,1806,31,56396,55750,1002,31,31372,55750,3292,203,668945,60937,2508,31,78491,60937,967904,742680,873252,11852,120804,0,140572,61400,69352,168,71220,61232,8,0,205536,162880,762368,579800,0,0,32,0,69348,9484,188,17248,12508,4740,688,772,0,0,0,483952,87468,245760,3180,131512,
1421970750577839,1009,78,78857,52062,1002,421,422363,57000,1802,31,56274,60375,1798,125,225341,60375,2509,31,78369,53500,1505,546,824218,53500,1801,31,56213,55750,1002,31,31433,55750,3295,203,668945,60937,2510,31,78491,60937,967904,742556,873140,11860,120812,0,140576,61412,69352,168,71224,61244,8,0,205536,162880,762368,579676,0,0,44,0,69348,9484,188,17244,12504,4740,688,772,0,0,0,483952,87468,245760,3180,131512,
1421970752635440,1009,78,79101,52000,1004,437,439453,57000,1810,31,56396,60375,1802,109,168701,60375,2515,31,78735,53500,1505,531,752929,53500,1805,31,56396,55750,1003,31,31372,55750,3292,203,617187,60937,2513,31,78491,60937,967904,742556,873140,11860,120812,0,140576,61412,69352,168,71224,61244,8,0,205536,162880,762368,579676,0,0,44,0,69348,9484,188,17244,12504,4740,688,772,0,0,0,483952,87468,245760,3180,131512,
1421970754698183,1011,78,78979,52062,1001,421,424316,57000,1799,31,56457,60312,1801,109,168945,60437,2510,31,78491,53500,1507,515,776367,53500,1802,31,56335,55750,1004,31,31372,55750,3294,187,566406,60937,2512,31,78369,60937,967904,742556,873140,11868,120812,0,140576,61412,69352,168,71224,61244,8,0,205536,162880,762368,579676,0,0,44,0,69348,9484,188,17244,12504,4740,688,772,0,0,0,483952,87468,245760,3180,131512,
1421970756756133,1010,62,63110,52062,1002,453,454101,57000,1802,31,56091,60375,1798,109,168945,60437,2510,62,78247,53500,1506,500,775390,53500,1803,31,56396,55750,1004,31,31372,55750,3298,187,668945,60937,2518,31,78369,60937,967904,742624,873216,11868,120812,0,140196,61420,68972,168,71224,61252,8,0,205536,162880,762368,579744,0,0,44,0,68968,9484,188,17244,12504,4740,688,772,0,0,0,483952,87468,245760,3180,131512,
1421970758813144,1010,62,63232,52000,1003,421,439453,57000,1805,31,56213,60375,1805,109,168945,60375,2518,31,157714,53500,1507,515,799804,53500,1801,31,56396,55750,1003,31,31372,55750,3292,203,617187,60937,2512,31,78491,60937,967904,742680,873280,11868,120820,0,140200,61420,68968,168,71232,61252,8,0,205536,162880,762368,579800,0,0,52,0,68948,9484,188,17244,12504,4740,688,768,0,0,0,483952,87468,245760,3180,131512,
1421970760871371,1009,78,62988,52000,1001,453,438964,57000,1799,31,56396,60312,1801,93,169189,60375,2508,31,117553,53500,1506,515,752929,53500,1799,31,56396,55750,1004,31,31372,55750,3292,187,617187,60937,2513,31,78613,60937,967904,742680,873288,11876,120820,0,140200,61428,68968,168,71232,61260,8,0,205536,162880,762368,579800,0,0,52,0,68948,9484,188,17244,12504,4740,688,768,0,0,0,483952,87468,245760,3180,131512,
1421970762929562,1009,62,63110,52000,1004,437,439453,57000,1805,31,56213,60375,1802,93,168701,60375,2502,31,78247,53500,1508,515,776367,53500,1802,31,56396,55750,1005,31,31433,55750,3292,187,618164,60937,2513,31,78613,60937,967904,742648,873256,11876,120820,0,140200,61428,68968,168,71232,61260,8,0,205536,162880,762368,579768,0,0,52,0,68948,9484,188,17244,12504,4740,688,768,0,0,0,483952,87468,245760,3180,131512,
1421970764987844,1010,78,78857,52062,998,421,421386,57000,1798,31,56335,60375,1802,109,140869,60375,2508,62,78491,53500,1505,515,799804,53500,1803,31,56152,55750,1004,31,31372,55750,3291,234,667968,60937,2509,31,78491,60937,967904,742680,873288,11884,120812,0,140200,61428,68968,168,71232,61260,8,0,205536,162880,762368,579800,0,0,52,0,68948,9484,188,17244,12504,4740,688,768,0,0,0,483952,87468,245760,3180,131512,
1421970767046901,1012,78,62988,52000,1004,437,437500,57000,1802,31,56396,60375,1802,109,225097,60375,2515,62,78491,53500,1507,515,776367,53500,1798,31,56213,55750,1002,31,31311,55750,3292,203,669921,60937,2508,31,78369,60937,967904,742680,873296,11884,120820,0,140200,61436,68968,168,71232,61268,8,0,205536,162880,762368,579800,0,0,52,0,68948,9484,188,17244,12504,4740,688,768,0,0,0,483952,87468,245760,3180,131512,
1421970769105073,1011,78,94726,52000,1004,437,423828,57000,1806,31,56518,60375,1801,125,225097,60375,2516,46,118041,53500,1506,531,776367,53500,1802,31,56396,55687,1004,31,31311,55750,3294,187,618164,60937,2512,31,78491,60937,967904,742672,873296,11884,120820,0,140200,61436,68968,168,71232,61268,8,0,205536,162880,762368,579792,0,0,36,0,68948,9484,188,17260,12512,4748,688,768,0,0,0,483952,87468,245760,3180,131512,
1421970771163282,1009,46,78979,52000,1006,421,424316,57000,1806,31,56396,60375,1802,109,225097,60375,2518,31,78613,53562,1505,531,777343,53500,1803,31,56396,55750,1006,31,31433,55750,3298,218,668945,60937,2515,31,78491,60937,967904,742672,873304,11892,120820,0,140200,61444,68968,168,71232,61276,8,0,205536,162880,762368,579792,0,0,36,0,68948,9484,188,17260,12512,4748,688,768,0,0,0,483952,87468,245760,3180,131512,
1421970773222135,1012,62,63232,52000,1004,421,437011,57000,1805,31,56396,60375,1792,109,224853,60375,2518,46,117797,53500,1504,531,798828,53500,1796,31,56213,55750,1004,31,31372,55812,3292,171,566406,60937,2515,31,78491,60937,967904,742640,873272,11892,120820,0,140200,61444,68968,168,71232,61276,8,0,205536,162880,762368,579760,0,0,20,0,68948,9484,188,17260,12512,4748,688,768,0,0,0,483952,87468,245760,3180,131512,
1421970775284528,1011,78,63232,52000,1006,421,407226,57000,1805,31,56396,60375,1805,93,167968,60375,2505,46,78491,53500,1506,515,777343,53500,1796,31,56335,55750,1005,31,31433,55812,3294,171,668945,60937,2513,31,78491,60875,967904,742680,873312,11900,120812,0,140200,61444,68968,168,71232,61276,8,0,205536,162880,762368,579800,0,0,20,0,68948,9484,188,17252,12512,4740,688,768,0,0,0,483952,87468,245760,3180,131512,
1421970777342203,1009,62,63110,52000,1004,437,438964,57000,1802,31,56396,60375,1795,109,196289,60375,2521,31,78857,53500,1504,562,823242,53500,1803,31,56335,55750,1004,31,31372,55750,3295,187,617187,60937,2512,31,78491,60937,967904,742680,873320,11900,120820,0,140200,61452,68968,168,71232,61284,8,0,205536,162880,762368,579800,0,0,20,0,68948,9484,188,17252,12512,4740,688,768,0,0,0,483952,87468,245760,3180,131512,
1421970779401019,1012,78,78735,52000,1004,437,439453,57000,1805,31,84594,60375,1803,93,197021,60437,2518,46,117797,53500,1506,609,941406,53500,1801,31,56335,55750,1002,31,31433,55750,3296,171,668945,60937,2512,31,78491,60937,967904,742680,873320,11900,120820,0,140200,61452,68968,168,71232,61284,8,0,205536,162880,762368,579800,0,0,20,0,68948,9484,188,17252,12512,4740,688,768,0,0,0,483952,87468,245760,3180,131512,
1421970781459265,1007,78,79101,52000,1004,421,439453,57000,1810,31,56457,60375,1794,109,169189,60437,2518,31,78735,53500,1507,531,778320,53500,1805,31,56457,55750,1004,31,31372,55750,3291,187,566406,60937,2509,31,78491,60937,967904,742680,873320,11908,120828,0,140200,61460,68968,168,71232,61292,8,0,205536,162880,762368,579800,0,0,28,0,68948,9484,188,17252,12504,4748,688,768,0,0,0,483952,87468,245760,3180,131512,
1421970783518543,1012,78,78857,52000,1002,453,423828,57000,1803,31,56518,60375,1799,109,168457,60375,2518,31,78613,53500,1506,500,776367,53500,1802,31,56396,55750,1004,31,31433,55750,3292,187,668945,60937,2510,31,78369,61000,967904,742672,873340,11912,120828,0,140316,61460,69064,168,71252,61292,8,0,205536,162880,762368,579792,0,0,16,0,69096,9484,188,17268,12512,4756,688,768,0,0,0,483952,87468,245760,3180,131512,
1421970785576973,1011,46,47302,52000,1004,437,439941,57000,1806,31,56396,60375,1802,109,168945,60437,2516,31,78735,53500,1504,515,776367,53500,1802,31,56213,55750,1000,31,31372,55750,3292,203,666992,61000,2510,31,78491,60937,967904,742672,873340,11912,120828,0,140316,61460,69064,168,71252,61292,8,0,205536,162880,762368,579792,0,0,16,0,69096,9484,188,17264,12512,4752,688,768,0,0,0,483952,87468,245760,3180,131512,
1421970787635384,1007,78,78979,52000,1002,437,437500,57000,1798,31,56396,60375,1805,109,168457,60437,2509,46,117675,53562,1507,531,777343,53500,1803,31,56396,55750,1004,31,31433,55750,3292,203,668945,60937,2515,31,78369,61000,967904,742672,873348,11920,120828,0,140316,61468,69064,168,71252,61300,8,0,205536,162880,762368,579792,0,0,36,0,69096,9484,188,17264,12512,4752,688,768,0,0,0,483952,87468,245760,3180,131512,
1421970789694460,1009,46,47302,52000,1005,437,437988,57000,1805,31,56457,60375,1802,93,168701,60437,2518,62,78735,53562,1506,531,775390,53500,1803,31,56396,55750,1004,31,31433,55750,3294,203,668945,60937,2512,31,78491,60937,967904,742680,873356,11920,120828,0,140316,61468,69064,168,71252,61300,8,0,205536,162880,762368,579800,0,0,36,0,69096,9484,188,17252,12512,4740,688,768,0,0,0,483952,87468,245760,3180,131512,
1421970791753332,1010,93,47302,52000,1004,437,455078,57000,1805,31,56457,60375,1802,109,197265,60437,2518,46,78735,53500,1504,562,798828,53500,1802,31,56457,55812,1001,31,31433,55750,3295,203,669921,60937,2510,31,78613,60937,967904,742680,873372,11928,120836,0,140320,61480,69064,168,71256,61312,8,0,205536,162880,762368,579800,0,0,48,0,69096,9484,188,17252,12512,4740,688,768,0,0,0,483952,87468,245760,3180,131512,
1421970793811559,1011,78,94726,52062,1001,421,406738,57000,1802,46,56335,60437,1802,93,197265,60437,2510,46,78735,53562,1506,546,824218,53500,1802,31,56396,55750,1005,31,31372,55750,3296,171,617187,60937,2510,31,78369,61000,967904,742680,873364,11928,120836,0,140320,61480,69064,168,71256,61312,8,0,205536,162880,762368,579800,0,0,48,0,69096,9484,188,17244,12504,4740,688,768,0,0,0,483952,87468,245760,3180,131512,
1421970795869934,1010,78,79101,52062,1004,437,439941,57000,1808,31,56152,60375,1802,93,168945,60437,2518,46,78735,53500,1507,531,799804,53500,1803,31,56396,55812,1002,31,31433,55750,3296,171,617187,60937,2513,31,78491,61000,967904,742920,873604,11928,120836,0,139860,61480,68604,168,71256,61312,8,0,205536,163120,762368,579800,0,0,48,0,68636,9484,188,17244,12504,4740,688,764,0,0,0,483952,87468,245760,3180,131512,
1421970797931976,1010,46,47363,52062,1001,453,439941,57000,1796,31,56457,60437,1792,93,168945,60437,2516,31,78613,53500,1507,515,776367,53500,1803,31,56152,55750,1004,31,31433,55750,3291,187,566406,61000,2509,31,78369,60937,967904,742920,873612,11936,120836,0,139860,61488,68604,168,71256,61320,8,0,205536,163120,762368,579800,0,0,48,0,68636,9484,188,17244,12504,4740,688,764,0,0,0,483952,87468,245760,3180,131512,
1421970799990591,1008,46,63232,52062,1004,421,406738,57000,1805,31,56457,60375,1803,93,168945,60437,2519,46,157470,53500,1504,515,776367,53500,1802,31,56335,55750,1004,31,31372,55812,3291,187,668945,61000,2512,31,78491,60937,967904,742920,873616,11936,120844,0,139916,61488,68656,168,71260,61320,8,0,205536,163120,762368,579800,0,0,56,0,68636,9484,188,17244,12504,4740,688,764,0,0,0,483952,87468,245760,3180,131512,
1421970802049260,1010,62,78857,52062,1002,468,454101,57000,1806,31,84594,60437,1801,109,197021,60437,2509,31,117553,53562,1505,500,752929,53500,1796,31,56396,55750,1003,31,31433,55750,3290,187,513671,61000,2508,31,78369,61000,967904,742920,873616,11944,120844,0,139916,61488,68656,168,71260,61320,8,0,205536,163120,762368,579800,0,0,56,0,68636,9484,188,17244,12504,4740,688,764,0,0,0,483952,87468,245760,3180,131512,
1421970804107358,1011,78,78735,52062,1004,437,423828,57062,1799,31,56518,60375,1802,125,225097,60437,2519,31,78369,53500,1506,515,776367,53500,1803,31,56396,55750,1004,31,31372,55750,3288,218,668945,60937,2504,31,78491,61000,967904,742912,873628,11944,120844,0,140084,61496,68820,168,71264,61328,8,0,205536,163120,762368,579792,0,0,40,0,68828,9484,188,17260,12512,4748,688,764,0,0,0,483952,87468,245760,3180,131512,
1421970806165125,1010,62,78979,52062,1002,421,439453,57062,1798,31,56335,60437,1802,93,168945,60437,2512,62,78735,53500,1505,515,825195,53500,1801,31,56396,55750,1002,31,31372,55750,3292,203,667968,61000,2512,31,78491,60937,967904,742912,873628,11944,120844,0,140084,61496,68820,168,71264,61328,8,0,205536,163120,762368,579792,0,0,40,0,68828,9484,188,17260,12512,4748,688,764,0,0,0,483952,87468,245760,3180,131512,
1421970808223149,1012,46,47302,52000,1006,453,454101,57062,1802,31,56396,60437,1801,93,168945,60437,2509,46,78491,53500,1507,546,799804,53500,1805,31,56396,55750,1004,31,31433,55812,3295,203,668945,61000,2515,31,78491,61000,967904,742912,873636,11952,120844,0,140084,61504,68820,168,71264,61336,8,0,205536,163120,762368,579792,0,0,44,0,68828,9484,188,17260,12512,4748,688,764,0,0,0,483952,87468,245760,3180,131512,
1421970810281229,1008,62,62988,52062,1000,437,439453,57000,1803,31,56213,60437,1799,125,197265,60437,2515,31,118041,53562,1506,531,800781,53500,1803,31,56457,55812,1003,31,31372,55812,3291,187,668945,60937,2512,31,78369,60937,967904,742920,873644,11952,120844,0,140084,61504,68820,168,71264,61336,8,0,205536,163120,762368,579800,0,0,44,0,68828,9484,188,17252,12512,4740,688,764,0,0,0,483952,87468,245760,3180,131512,
1421970812339585,1009,46,78857,52000,1006,437,439941,57062,1809,31,56396,60437,1799,93,168212,60437,2509,46,78491,53500,1501,515,778320,53500,1802,31,56335,55750,1003,31,31372,55812,3294,171,618164,60937,2509,31,78613,60937,967904,742920,873644,11960,120836,0,140084,61504,68820,168,71264,61336,8,0,205536,163120,762368,579800,0,0,44,0,68828,9484,188,17252,12512,4740,688,764,0,0,0,483952,87468,245760,3180,131512,
1421970814407692,1009,93,78979,52062,1004,453,439941,57062,1801,31,56396,60437,1801,93,197265,60437,2518,31,78613,53500,1507,515,775390,53500,1805,31,56396,55750,1003,31,31372,55812,3292,171,565429,61000,2510,31,78491,61000,967904,742920,873644,11960,120844,0,140084,61512,68820,168,71264,61344,8,0,205536,163120,762368,579800,0,0,44,0,68828,9484,188,17244,12504,4740,688,764,0,0,0,483952,87468,245760,3180,131512,
