t,VCCINT.V,VCCINT.I,VCCINT.P,VCCINT.T,VCCPINT.V,VCCPINT.I,VCCPINT.P,VCCPINT.T,VCCAUX.V,VCCAUX.I,VCCAUX.P,VCCAUX.T,VCCPAUX.V,VCCPAUX.I,VCCPAUX.P,VCCPAUX.T,VCCADJ.V,VCCADJ.I,VCCADJ.P,VCCADJ.T,VCC1V5.V,VCC1V5.I,VCC1V5.P,VCC1V5.T,VCCMIO_PS.V,VCCMIO_PS.I,VCCMIO_PS.P,VCCMIO_PS.T,VCCBRAM.V,VCCBRAM.I,VCCBRAM.P,VCCBRAM.T,VCC3V3.V,VCC3V3.I,VCC3V3.P,VCC3V3.T,VCC2V5.V,VCC2V5.I,VCC2V5.P,VCC2V5.T,M.MemTotal:,M.MemFree:,M.MemAvailable:,M.Buffers:,M.Cached:,M.SwapCached:,M.Active:,M.Inactive:,M.Active(anon):,M.Inactive(anon):,M.Active(file):,M.Inactive(file):,M.Unevictable:,M.Mlocked:,M.HighTotal:,M.HighFree:,M.LowTotal:,M.LowFree:,M.SwapTotal:,M.SwapFree:,M.Dirty:,M.Writeback:,M.AnonPages:,M.Mapped:,M.Shmem:,M.Slab:,M.SReclaimable:,M.SUnreclaim:,M.KernelStack:,M.PageTables:,M.NFS_Unstable:,M.Bounce:,M.WritebackTmp:,M.CommitLimit:,M.Committed_AS:,M.VmallocTotal:,M.VmallocUsed:,M.VmallocChunk:,
1421971545109460,1009,78,63110,51937,1002,296,297363,56875,1801,31,56518,60187,1794,109,197265,60250,2520,31,118041,53562,1507,500,776367,53500,1803,31,56213,55812,1003,31,31372,55750,3294,203,668945,60750,2512,31,78369,60750,967904,764940,896616,13020,120744,0,117552,62800,46620,168,70932,62632,8,0,205536,168220,762368,596720,0,0,12,0,46680,7060,188,17192,12500,4692,648,660,0,0,0,483952,61660,245760,3180,131512,
1421971547182322,1009,62,78979,51937,1000,296,297363,56937,1806,31,56335,60187,1795,109,197509,60250,2512,31,117797,53562,1507,515,776367,53500,1802,31,56335,55750,1004,31,31372,55750,3295,187,667968,60750,2510,31,78613,60750,967904,764940,896632,13020,120744,0,117692,62804,46760,168,70932,62636,8,0,205536,168220,762368,596720,0,0,0,0,46752,7036,188,17240,12512,4728,664,680,0,0,0,483952,61660,245760,3180,131512,
1421971549254631,1009,62,47363,51937,999,281,282226,56937,1803,31,56396,60250,1796,125,197265,60250,2510,62,78613,53562,1506,515,776367,53500,1803,31,56396,55750,1004,31,31372,55750,3290,203,617187,60750,2512,31,78613,60750,967904,764908,896600,13020,120744,0,117716,62804,46784,168,70932,62636,8,0,205536,168220,762368,596688,0,0,0,0,46776,7036,188,17240,12512,4728,664,680,0,0,0,483952,61660,245760,3180,131512,
1421971551335733,1011,46,63110,51937,1004,312,281738,56937,1803,31,56396,60250,1801,93,196777,60250,2508,46,78491,53500,1504,515,800781,53500,1805,31,56152,55750,1004,31,31372,55750,3292,187,618164,60750,2510,31,78491,60750,967904,764940,896632,13028,120740,0,117716,62804,46784,168,70932,62636,8,0,205536,168220,762368,596720,0,0,0,0,46776,7036,188,17240,12512,4728,664,680,0,0,0,483952,61660,245760,3180,131512,
1421971553408079,1011,78,63110,51937,1002,281,282226,56937,1805,31,56457,60187,1801,109,168701,60187,2516,31,78735,53500,1507,515,776367,53500,1803,31,56396,55750,1004,31,31433,55750,3298,203,618164,60750,2512,31,78491,60750,967904,764832,896528,13028,120744,0,117716,62808,46784,168,70932,62640,8,0,205536,168220,762368,596612,0,0,28,0,46776,7036,188,17212,12512,4700,664,680,0,0,0,483952,61660,245760,3180,131512,
1421971556564052,1010,78,78857,51875,1005,328,329101,56875,1806,31,56396,60187,1801,109,169189,60250,2510,31,78735,53500,1504,500,752929,53500,1802,31,56213,55750,1004,31,31372,55750,3291,203,719726,60750,2510,31,78491,60750,967904,758096,889828,13044,120760,0,124484,62824,53532,168,70952,62656,8,0,205536,167020,762368,591076,0,0,44,0,53608,8144,188,17304,12512,4792,680,724,0,0,0,483952,69808,245760,3180,131512,
1421971558614759,1009,46,62988,51875,1003,375,360839,56875,1803,31,56518,60187,1806,93,197509,60250,2516,62,78735,53562,1506,593,848632,53500,1802,31,56457,55687,1002,31,31372,55750,3292,187,617187,60750,2510,31,78369,60750,967904,750288,882560,13044,121296,0,131832,62840,60360,168,71472,62672,8,0,205536,164800,762368,585488,0,0,580,0,60400,10332,188,17340,12516,4824,688,748,0,0,0,483952,79328,245760,3180,131512,
1421971560689243,1010,62,63232,51875,1002,359,359375,56875,1802,31,56335,60187,1799,125,196777,60187,2518,31,78735,53500,1506,500,752929,53500,1798,31,56396,55687,1003,31,31311,55687,3292,203,668945,60750,2516,31,78369,60750,967904,745848,878120,13052,121296,0,136432,62820,64940,168,71492,62652,8,0,205536,164080,762368,581768,0,0,624,0,64944,10368,188,17340,12516,4824,688,768,0,0,0,483952,85244,245760,3180,131512,
1421971562761921,1009,62,63110,51937,1004,343,345214,56937,1802,31,56457,60125,1799,109,169189,-500,2518,62,78735,53500,1505,515,776367,53500,1805,31,56396,55687,1004,31,31433,55687,3292,187,668945,60750,2510,31,78491,60750,967904,745484,877764,13052,121300,0,136836,62824,65340,168,71496,62656,8,0,205536,164080,762368,581404,0,0,628,0,65360,10432,188,17300,12516,4784,688,772,0,0,0,483952,85244,245760,3180,131512,
1421971564947883,1009,46,63110,51937,1002,343,345214,56937,1806,31,56213,60187,1792,93,196777,60187,2518,46,78735,53500,1506,500,752929,53500,1802,31,56396,55687,1004,31,31372,55750,3284,203,668945,60750,2516,31,78491,60750,967904,744592,876880,13052,121308,0,136884,62824,65380,168,71504,62656,8,0,205536,163840,762368,580752,0,0,636,0,65360,10432,188,17300,12516,4784,688,772,0,0,0,483952,85772,245760,3180,131512,
1421971567023123,1010,62,78979,51937,1003,328,344238,56937,1803,31,56396,60187,1801,109,225830,60187,2513,31,117919,53500,1505,515,752929,53500,1805,31,56335,55750,1004,31,31433,55812,3291,187,618164,60750,2512,31,78491,60812,967904,755328,887212,13060,120952,0,126884,62868,55828,168,71056,62700,8,0,205536,166228,762368,589100,0,0,280,0,55808,9224,188,17260,12516,4744,688,772,0,0,0,483952,72616,245760,3180,131512,
1421971569096262,1010,78,63354,52000,1004,359,344726,56937,1803,31,56518,60187,1801,109,197265,60250,2519,31,78735,53500,1506,515,752929,53500,1805,31,56396,55750,1002,31,31372,55750,3294,203,668945,60750,2512,31,78613,60812,967904,751220,883140,13060,120928,0,131000,62836,59876,168,71124,62668,8,0,205536,165220,762368,586000,0,0,256,0,59828,9356,188,17268,12516,4752,688,752,0,0,0,483952,75268,245760,3180,131512,
1421971571205970,1007,46,78979,52000,1005,359,328613,56937,1805,31,56396,60187,1805,109,168945,60250,2513,31,78613,53500,1505,500,753906,53500,1803,31,56396,55750,1002,31,31372,55750,3291,187,617187,60750,2512,31,78491,60750,967904,749492,881420,13068,120936,0,132584,62844,61452,168,71132,62676,8,0,205536,164980,762368,584512,0,0,264,0,61492,9356,188,17240,12508,4732,688,756,0,0,0,483952,77244,245760,3180,131512,
1421971573279920,1009,62,63232,51937,1003,312,313476,56937,1805,31,56396,60250,1805,109,168945,60250,2516,31,78735,53500,1503,515,776367,53500,1802,31,56457,55750,1006,31,31372,55750,3288,203,668945,60750,2513,31,78613,60750,967904,750300,883160,13068,121804,0,131848,62912,59852,168,71996,62744,8,0,205536,164920,762368,585380,0,0,1132,0,59832,9356,188,17240,12508,4732,688,760,0,0,0,483952,114660,245760,3180,131512,
1421971575355400,1009,78,94726,51937,1000,328,330078,57000,1802,31,56518,60250,1802,109,196777,60250,2512,31,78613,53500,1505,500,777343,53500,1802,31,56396,55750,1005,31,31372,55750,3288,171,617187,60750,2510,31,78735,60750,967904,745488,878288,13068,121812,0,136732,62844,64724,168,72008,62676,8,0,205536,164200,762368,581288,0,0,1140,0,64760,9356,188,17220,12504,4716,688,804,0,0,0,483952,82116,245760,3180,131512,
1421971577429092,1011,46,63232,52000,1003,343,328613,56937,1802,46,56396,60250,1802,125,197021,60250,2508,31,78369,53500,1504,515,776367,53500,1802,31,56396,55750,1004,31,31372,55750,3291,171,617187,60750,2513,31,78613,60750,967904,745060,877876,13076,121820,0,137152,62852,65136,168,72016,62684,8,0,205536,164020,762368,581040,0,0,1148,0,65132,9356,188,17208,12504,4704,688,768,0,0,0,483952,82116,245760,3180,131512,
1421971580599239,1011,78,63110,51937,1001,328,329101,56937,1805,31,56457,60250,1802,109,196777,60250,2512,31,78735,53500,1507,500,753906,53500,1796,31,56396,55750,1004,31,31372,55750,3290,218,668945,60812,2509,31,78369,60750,967904,745368,878184,13076,121820,0,136032,62852,64016,168,72016,62684,8,0,205536,164080,762368,581288,0,0,1148,0,63996,9516,188,17272,12504,4768,688,768,0,0,0,483952,82116,245760,3180,131512,
1421971582629173,1009,62,63110,51937,1004,328,345214,56937,1808,31,56457,60187,1802,125,168945,60250,2510,46,78491,53500,1507,500,752929,53500,1801,31,56335,55750,1005,31,31433,55750,3294,218,669921,60750,2515,31,78613,60750,967904,745368,878184,13076,121828,0,136032,62852,64016,168,72016,62684,8,0,205536,164080,762368,581288,0,0,1084,0,63996,9632,188,17272,12504,4768,688,768,0,0,0,483952,82116,245760,3180,131512,
1421971584704247,1009,62,47363,51937,1000,359,345214,56937,1802,31,56335,60250,1799,93,168945,60250,2510,31,117431,53500,1507,531,800781,53500,1802,31,56396,55750,1003,31,31433,55750,3292,203,619140,60750,2513,31,78369,60750,967904,745368,878196,13076,121848,0,136036,62860,64016,168,72020,62692,8,0,205536,164080,762368,581288,0,0,1104,0,63996,9632,188,17272,12504,4768,688,768,0,0,0,483952,82116,245760,3180,131512,
1421971586779653,1010,62,62988,51937,1000,343,345214,56937,1808,31,56396,60250,1801,109,225585,60250,2512,31,156982,53500,1506,515,801757,53500,1803,31,56396,55750,1002,31,31433,55750,3288,203,566406,60750,2505,31,78491,60750,967904,745360,878204,13084,121856,0,136036,62868,64016,168,72020,62700,8,0,205536,164080,762368,581280,0,0,1108,0,63996,9632,188,17268,12512,4756,688,768,0,0,0,483952,82116,245760,3180,131512,
1421971588854414,1009,62,63232,51937,1001,343,360351,56937,1805,31,56274,60187,1802,109,224121,60250,2520,46,78613,53500,1506,515,777343,53500,1806,31,56335,55687,1003,31,31311,55687,3291,187,668945,60750,2513,31,78491,60750,967904,744868,877712,13084,121864,0,137180,62868,65160,168,72020,62700,8,0,205536,163960,762368,580908,0,0,1116,0,65208,9632,188,17268,12512,4756,688,768,0,0,0,483952,82116,245760,3180,131512,
1421971590943017,1009,62,63232,51937,1002,375,359863,56937,1805,31,56335,60187,1802,93,225097,60250,2518,31,117919,53500,1504,531,777343,53500,1798,31,56335,55687,1003,31,31372,55687,3291,187,669921,60750,2512,31,78491,60750,967904,744496,877384,13092,121876,0,137656,62880,65604,168,72052,62712,8,0,205536,163960,762368,580536,0,0,1076,0,65604,9632,188,17252,12512,4740,688,772,0,0,0,483952,82116,245760,3180,131512,
1421971593015511,1010,62,47363,51937,1004,359,344726,56937,1799,46,56335,60187,1792,93,197021,60250,2519,31,78613,53500,1506,500,753906,53500,1805,31,56335,55687,1004,31,31372,55750,3298,187,617187,60750,2512,31,78369,60750,967904,744132,877028,13092,121876,0,137728,62888,65676,168,72052,62720,8,0,205536,163720,762368,580412,0,0,1060,0,65672,9632,188,17252,12512,4740,688,772,0,0,0,483952,82116,245760,3180,131512,
1421971595090198,1010,62,63232,51937,1004,328,345214,56937,1802,31,56396,60187,1794,93,197021,60187,2516,62,118041,53500,1505,515,777343,53500,1803,31,56396,55687,1002,31,31311,55687,3290,203,617187,60750,2512,31,78491,60750,967904,744132,877028,13092,121876,0,137728,62888,65676,168,72052,62720,8,0,205536,163720,762368,580412,0,0,1060,0,65672,9632,188,17228,12512,4716,688,772,0,0,0,483952,82116,245760,3180,131512,
1421971597163945,1009,62,62988,51937,1002,328,344726,56937,1806,31,56396,60187,1791,93,168945,60250,2520,31,78735,53500,1507,500,753906,53500,1805,31,56274,55687,1004,31,31372,55687,3292,203,617187,60750,2512,31,78369,60750,967904,744100,877004,13100,121876,0,137728,62896,65676,168,72052,62728,8,0,205536,163720,762368,580380,0,0,1068,0,65672,9632,188,17228,12512,4716,688,772,0,0,0,483952,82116,245760,3180,131512,
1421971599237747,1009,46,47424,51937,1001,328,329101,56937,1805,31,112792,60250,1799,125,197021,60250,2520,31,78735,53500,1507,500,752929,53500,1805,31,56396,55687,1002,31,31433,55687,3288,171,566406,60750,2508,31,78491,60750,967904,745308,878216,13100,121880,0,136916,62900,64864,168,72052,62732,8,0,205536,164020,762368,581288,0,0,1072,0,64876,9632,188,17212,12512,4700,688,772,0,0,0,483952,82116,245760,3180,131512,
1421971601311384,1012,62,78979,51937,1003,343,343750,56937,1805,31,56518,60250,1802,109,168457,60187,2520,31,157470,53500,1507,500,777343,53500,1803,31,56396,55687,1001,31,31372,55687,3296,187,565429,60750,2509,31,78613,60750,967904,745184,878092,13112,121872,0,136952,62896,64896,168,72056,62728,8,0,205536,164020,762368,581164,0,0,976,0,64916,9632,188,17212,12512,4700,688,772,0,0,0,483952,82116,245760,3180,131512,
1421971603385610,1009,62,63232,51937,1003,359,375488,56875,1798,31,56518,60250,1802,109,197021,60250,2520,46,157470,53500,1504,500,752929,53500,1801,31,56396,55687,1002,31,31372,55687,3296,171,617187,60750,2516,31,78613,60750,967904,745300,878232,13112,121892,0,136308,62912,64244,168,72064,62744,8,0,205536,164020,762368,581280,0,0,912,0,64268,9632,188,17220,12512,4708,688,768,0,0,0,483952,82116,245760,3180,131512,
1421971605460205,1010,62,78979,51937,1004,328,329101,56937,1799,31,56518,60250,1802,93,196289,60250,2519,31,78613,53500,1506,500,752929,53500,1803,31,56457,55687,1000,31,31433,55687,3298,203,668945,60750,2505,31,78491,60750,967904,745308,878240,13112,121900,0,136308,62912,64244,168,72064,62744,8,0,205536,164020,762368,581288,0,0,920,0,64268,9632,188,17212,12512,4700,688,768,0,0,0,483952,82116,245760,3180,131512,
1421971607534302,1010,93,94726,51937,1003,359,345214,56875,1809,46,56518,60187,1796,109,168945,60187,2516,31,117919,53500,1507,562,847656,53500,1798,31,56335,55687,1004,31,31433,55687,3294,171,617187,60750,2509,31,78491,60750,967904,745300,878240,13120,121900,0,136308,62920,64244,168,72064,62752,8,0,205536,164020,762368,581280,0,0,76,0,64268,9632,188,17220,12512,4708,688,768,0,0,0,483952,82116,245760,3180,131512,
1421971609609838,1009,62,63232,51937,1002,343,329101,56937,1806,31,56152,60187,1799,125,225341,60250,2519,31,118164,53500,1505,515,752929,53437,1799,31,56396,55687,1004,31,31372,55687,3292,203,668945,60750,2515,31,78491,60750,967904,745300,878248,13120,121900,0,136700,62920,64628,168,72072,62752,8,0,205536,164020,762368,581280,0,0,76,0,64664,9632,188,17220,12512,4708,688,768,0,0,0,483952,82116,245760,3180,131512,
1421971611682939,1007,78,78735,51937,1002,343,329101,56937,1803,31,56396,60187,1803,109,168701,60250,2519,62,157470,53500,1505,500,752929,53437,1801,31,56213,55687,1002,31,31372,55687,3291,203,668945,60750,2510,31,78491,60750,967904,745300,878256,13128,121908,0,136756,62928,64684,168,72072,62760,8,0,205536,164020,762368,581280,0,0,84,0,64664,9632,188,17220,12512,4708,688,768,0,0,0,483952,82116,245760,3180,131512,
1421971613799559,1010,78,63232,51937,1004,328,345214,56937,1806,31,56457,60187,1802,93,168945,60250,2509,62,78491,53500,1506,500,752929,53437,1803,31,56396,55687,1004,31,31372,55687,3287,187,617187,60750,2510,31,78369,60750,967904,745680,878644,13128,121908,0,136536,62928,64456,168,72080,62760,8,0,205536,164020,762368,581660,0,0,84,0,64468,9632,188,17212,12512,4700,688,768,0,0,0,483952,82116,245760,3180,131512,
1421971615873399,1009,46,78979,51937,1003,359,359863,56937,1796,31,56518,60187,1805,93,197265,60250,2518,46,78613,53500,1506,500,752929,53437,1806,31,56518,55687,1004,31,31372,55687,3291,203,668945,60687,2512,31,78491,60750,967904,745680,878644,13128,121908,0,136436,62928,64356,168,72080,62760,8,0,205536,164020,762368,581660,0,0,84,0,64368,9632,188,17212,12512,4700,688,768,0,0,0,483952,82116,245760,3180,131512,
1421971617947662,1009,62,63232,51937,1004,359,360351,56937,1806,31,56274,60187,1802,125,197265,60250,2519,31,78735,53500,1506,500,776367,53437,1805,31,56396,55687,1001,31,31372,55687,3292,203,617187,60750,2508,31,78613,60687,967904,745672,878644,13136,121916,0,136504,62936,64424,168,72080,62768,8,0,205536,164020,762368,581652,0,0,80,0,64452,9632,188,17220,12512,4708,688,768,0,0,0,483952,82116,245760,3180,131512,
1421971620021962,1011,78,79101,51937,1002,328,313476,56937,1806,31,56335,60187,1799,109,168701,60250,2516,31,78613,53500,1505,500,752929,53437,1801,31,56274,55687,1004,31,31372,55750,3290,171,668945,60687,2513,31,78491,60687,967904,745612,878592,13136,121916,0,136512,62936,64424,168,72088,62768,8,0,205536,163960,762368,581652,0,0,80,0,64444,9632,188,17220,12512,4708,688,768,0,0,0,483952,82116,245760,3180,131512,
1421971622096244,1011,62,63354,51937,1005,328,313476,56937,1802,31,56396,60250,1803,109,224853,60250,2516,31,78735,53500,1506,500,752929,53437,1806,31,56396,55750,1004,31,31433,55812,3294,171,617187,60750,2510,31,78491,60687,967904,745612,878592,13144,121916,0,136512,62936,64424,168,72088,62768,8,0,205536,163960,762368,581652,0,0,32,0,64444,9632,188,17224,12512,4712,688,768,0,0,0,483952,82116,245760,3180,131512,
1421971624206136,1010,78,78857,51875,1002,312,344238,56937,1805,31,56152,60187,1805,125,225341,60250,2518,46,117919,53500,1507,515,777343,53437,1803,31,56396,55750,1004,31,31372,55750,3296,187,566406,60750,2512,31,78369,60750,967904,745492,878488,13144,121924,0,136520,62944,64424,168,72096,62776,8,0,205536,163840,762368,581652,0,0,48,0,64436,9632,188,17224,12512,4712,688,768,0,0,0,483952,82116,245760,3180,131512,
1421971626280381,1007,62,78979,51937,1002,359,360351,56937,1805,31,56213,60187,1802,93,197021,60250,2519,31,78735,53500,1501,562,799804,53437,1801,31,56335,55750,1002,31,31433,55750,3292,187,565429,60750,2512,31,78613,60750,967904,745500,878504,13144,121932,0,136528,62944,64424,168,72104,62776,8,0,205536,163840,762368,581660,0,0,60,0,64436,9632,188,17216,12512,4704,688,768,0,0,0,483952,82116,245760,3180,131512,
1421971628355123,1009,62,63110,51937,1002,343,329101,56937,1805,31,56396,60250,1799,93,197265,60250,2516,31,78735,53500,1505,515,778320,53437,1806,31,56396,55750,1004,31,31372,55750,3292,187,618164,60750,2508,31,78491,60750,967904,745500,878512,13152,121932,0,136528,62952,64424,168,72104,62784,8,0,205536,163840,762368,581660,0,0,60,0,64436,9632,188,17216,12512,4704,688,768,0,0,0,483952,82116,245760,3180,131512,
1421971630430198,1010,46,47424,51937,1004,359,344726,56937,1808,31,56396,60250,1803,109,196777,60250,2515,31,78613,53500,1506,500,777343,53437,1803,31,56335,55750,1005,31,31372,55750,3295,203,668945,60750,2513,31,78491,60750,967904,753856,886876,13156,121932,0,128352,63008,56300,168,72052,62840,8,0,205536,165880,762368,587976,0,0,112,0,56304,9272,188,17240,12516,4724,688,784,0,0,0,483952,92700,245760,3180,131512,
1421971632502912,1011,62,63232,51937,1003,343,360839,56937,1805,31,56396,60187,1799,78,197265,60250,2516,31,78613,53437,1507,500,776367,53437,1803,31,56396,55750,1004,31,31433,55750,3295,203,668945,60750,2509,31,78491,60687,967904,746312,879356,13164,121948,0,135912,63000,63828,168,72084,62832,8,0,205536,164080,762368,582232,0,0,136,0,63860,9344,188,17248,12516,4732,688,764,0,0,0,483952,81380,245760,3180,131512,
1421971634576254,1010,62,47302,51937,1002,343,344238,56937,1805,46,56396,60250,1799,109,168945,60312,2510,31,117797,53437,1506,515,776367,53437,1802,31,56213,55750,1005,31,31311,55750,3294,203,668945,60687,2507,31,78491,60687,967904,745880,878924,13164,121948,0,136204,63000,64120,168,72084,62832,8,0,205536,164020,762368,581860,0,0,136,0,64112,9408,188,17244,12516,4728,688,764,0,0,0,483952,81380,245760,3180,131512,
1421971636660415,1010,78,63110,51937,1004,328,329101,56937,1801,31,56396,60250,1796,125,196777,60312,2513,31,78491,53500,1506,500,753906,53437,1801,31,56457,55750,1003,31,31433,55750,3292,171,514648,60687,2510,31,78491,60687,967904,759460,891584,13164,120996,0,122400,63056,51292,168,71108,62888,8,0,205536,166936,762368,592524,0,0,96,0,51200,8228,188,17244,12516,4728,728,760,0,0,0,483952,66752,245760,3180,131512,
1421971638733628,1009,62,62988,51937,1001,343,361328,56937,1805,31,84228,60187,1805,125,169189,60312,2515,31,78735,53500,1504,515,777343,53437,1802,31,56335,55750,1004,31,31372,55750,3291,187,617187,60687,2513,31,78369,60750,967904,755576,887940,13172,121260,0,126308,63232,55136,168,71172,63064,8,0,205536,166120,762368,589456,0,0,368,0,55144,9676,188,17292,12516,4776,688,752,0,0,0,483952,72980,245760,3180,131512,
1421971640805790,1010,62,47485,52000,1003,328,297851,56937,1802,31,56396,60250,1801,93,225341,60250,2505,46,78369,53500,1505,500,752929,53437,1806,31,56396,55687,1005,31,31372,55750,3296,203,668945,60687,2515,31,78491,60687,967904,746960,879324,13172,121260,0,135180,63020,63796,168,71384,62852,8,0,205536,164200,762368,582760,0,0,368,0,63776,10368,188,17292,12516,4776,688,768,0,0,0,483952,83444,245760,3180,131512,
1421971642878910,1009,62,94604,51937,1003,343,330078,56875,1799,31,56396,60250,1805,109,196777,60187,2519,31,78613,53500,1505,515,776367,53437,1805,31,56396,55750,1002,31,31433,55687,3295,187,617187,60750,2515,31,78491,60687,967904,746756,879132,13180,121264,0,134604,63024,63212,168,71392,62856,8,0,205536,164140,762368,582616,0,0,376,0,63192,10432,188,17288,12516,4772,688,772,0,0,0,483952,83444,245760,3180,131512,
1421971644953210,1012,62,62988,51937,1003,343,345214,56937,1802,31,56518,60250,1799,125,197021,60250,2513,31,78613,53500,1506,515,776367,53437,1802,31,56396,55750,1004,31,31372,55750,3292,187,668945,60750,2515,31,78491,60687,967904,745860,878240,13180,121272,0,135376,63024,63980,168,71396,62856,8,0,205536,163900,762368,581960,0,0,384,0,63960,10432,188,17288,12516,4772,688,772,0,0,0,483952,84612,245760,3180,131512,
1421971647027768,1010,62,78857,51937,1004,359,360351,56937,1803,31,56457,60187,1802,109,196777,60250,2510,31,117553,53500,1507,500,752929,53437,1802,31,56396,55750,1004,31,31311,55750,3296,203,668945,60750,2512,31,78369,60750,967904,746052,878436,13180,121276,0,135232,63024,63828,168,71404,62856,8,0,205536,164020,762368,582032,0,0,388,0,63808,10432,188,17240,12512,4728,688,772,0,0,0,483952,84908,245760,3180,131512,
1421971649102197,1010,78,62866,51937,1001,328,345214,56937,1798,31,56396,60187,1802,93,196777,60250,2516,31,78735,53500,1507,500,752929,53437,1805,31,56396,55687,1001,31,31372,55750,3292,156,667968,60750,2509,31,78491,60687,967904,753192,885472,13188,121164,0,128792,63056,57524,168,71268,62888,8,0,205536,165580,762368,587612,0,0,276,0,57480,9256,188,17248,12512,4736,688,748,0,0,0,483952,73624,245760,3180,131512,
1421971651211463,1009,78,63110,51937,1004,343,329589,56937,1801,31,56518,60187,1798,93,196289,60250,2516,31,118041,53437,1507,500,753906,53437,1805,31,56396,55750,1004,31,31433,55750,3296,171,565429,60750,2513,31,78613,60687,967904,750736,883024,13188,121172,0,131208,63032,59908,168,71300,62864,8,0,205536,164860,762368,585876,0,0,284,0,59932,9320,188,17232,12512,4720,688,752,0,0,0,483952,75576,245760,3180,131512,
1421971653284842,1011,62,47363,51937,1003,343,328613,56937,1808,31,56396,60187,1792,140,224853,60250,2516,31,78735,53437,1507,500,753906,53437,1802,31,56152,55687,1004,31,31433,55750,3290,171,566406,60750,2512,31,78369,60750,967904,747908,880204,13196,121172,0,134224,63032,62916,168,71308,62864,8,0,205536,164140,762368,583768,0,0,292,0,62872,9320,188,17232,12512,4720,688,760,0,0,0,483952,80212,245760,3180,131512,
1421971655359049,1009,62,78979,51937,1002,359,361328,56937,1805,31,56518,60187,1803,109,197265,60187,2515,31,117797,53437,1506,500,776367,53437,1803,31,56274,55687,1002,31,31372,55750,3291,203,617187,60750,2513,31,78491,60687,967904,744956,878228,13196,122156,0,136812,63088,64576,168,72236,62920,8,0,205536,163420,762368,581536,0,0,1268,0,64584,9320,188,17212,12504,4708,688,764,0,0,0,483952,82168,245760,3180,131512,
1421971657439321,1010,62,78979,51937,1004,343,344726,56937,1798,46,56518,60187,1802,109,196777,60250,2518,46,78613,53500,1506,515,752929,53437,1803,31,56335,55750,1001,31,31433,55687,3290,187,668945,60750,2510,31,78369,60750,967904,740472,873752,13196,122156,0,141336,63040,69052,168,72284,62872,8,0,205536,162820,762368,577652,0,0,1204,0,69072,9320,188,17228,12512,4716,688,772,0,0,0,483952,87260,245760,3180,131512,
1421971659511815,1009,78,79101,51937,1002,343,361328,56937,1805,31,56457,60187,1802,109,197265,60250,2519,46,78857,53437,1505,500,776367,53437,1805,31,56274,55687,1003,31,31433,55750,3295,203,668945,60750,2512,31,78491,60750,967904,739768,873056,13204,122156,0,142132,63048,69848,168,72284,62880,8,0,205536,162580,762368,577188,0,0,1232,0,69844,9320,188,17228,12512,4716,688,776,0,0,0,483952,87260,245760,3180,131512,
1421971661585673,1010,62,63110,51937,1004,359,360839,56937,1806,31,56518,60187,1796,93,197509,60250,2512,31,78613,53437,1506,515,753906,53437,1801,31,56335,55750,1005,31,31372,55750,3299,203,720703,60750,2512,31,78369,60687,967904,739396,872684,13204,122156,0,142488,63048,70204,168,72284,62880,8,0,205536,162580,762368,576816,0,0,1216,0,70208,9320,188,17216,12512,4704,688,776,0,0,0,483952,87260,245760,3180,131512,
1421971664759820,1009,62,63110,51937,1004,328,345214,56937,1802,31,56396,60187,1801,125,225341,60187,2519,46,118041,53437,1507,500,753906,53437,1798,31,56396,55750,1004,31,31311,55750,3288,187,617187,60750,2512,31,78491,60750,967904,738784,872072,13204,122156,0,143048,63048,70764,168,72284,62880,8,0,205536,162340,762368,576444,0,0,1216,0,70844,9320,188,17296,12512,4784,688,776,0,0,0,483952,87260,245760,3180,131512,
1421971667921341,1010,78,62988,52000,1004,359,360351,56937,1809,31,56457,60187,1805,125,225585,60250,2521,46,78613,53437,1506,515,776367,53437,1806,31,56396,55750,1004,31,31311,55687,3292,203,720703,60750,2513,31,78491,60750,967904,738172,871468,13212,122156,0,143800,63056,71516,168,72284,62888,8,0,205536,162340,762368,575832,0,0,1220,0,71512,9320,188,17288,12512,4776,688,776,0,0,0,483952,89204,245760,3180,131512,
1421971669975900,1010,46,47241,51937,1005,359,375976,56937,1802,31,56213,60187,1802,93,168945,51937,2508,31,117553,53437,1503,515,776367,53437,1799,31,56335,55687,1002,31,31372,55750,3290,203,668945,60750,2510,31,78491,60750,967904,737676,870972,13212,122164,0,144296,63056,72004,168,72292,62888,8,0,205536,162340,762368,575336,0,0,1232,0,72012,9320,188,17280,12504,4776,688,780,0,0,0,483952,89204,245760,3180,131512,
1421971672158323,1012,62,63110,52000,1004,359,360351,56937,1806,31,56518,60187,1802,109,197021,60250,2519,46,78735,53437,1506,515,800781,53437,1803,31,56396,55750,1001,31,31311,55687,3292,203,668945,60750,2512,31,78369,60750,967904,736996,870300,13212,122164,0,145016,63056,72724,168,72292,62888,8,0,205536,162040,762368,574956,0,0,1132,0,72748,9320,188,17296,12512,4784,688,780,0,0,0,483952,89204,245760,3180,131512,
1421971674307292,1010,78,78979,52000,1002,359,345214,56937,1806,31,56335,60250,1803,93,225341,60187,2513,46,78369,53437,1504,500,752929,53437,1802,31,56335,55750,1004,31,31433,55750,3288,203,617187,60750,2510,31,78491,60750,967904,744136,877448,13220,122172,0,137184,63064,64892,168,72292,62896,8,0,205536,163600,762368,580536,0,0,1144,0,64872,9500,188,17276,12512,4764,688,768,0,0,0,483952,83860,245760,3180,131512,
1421971677621468,1010,46,63110,51937,1003,359,360839,56937,1805,31,56457,60187,1802,125,197265,60250,2518,31,78613,53437,1506,515,752929,53437,1802,31,56396,55750,1004,31,31311,55750,3288,156,513671,60750,2512,31,78491,60750,967904,744020,877332,13220,122180,0,137156,63064,64864,168,72292,62896,8,0,205536,163600,762368,580420,0,0,1152,0,64844,9500,188,17288,12512,4776,688,768,0,0,0,483952,83860,245760,3180,131512,
1421971681793182,1010,-500,63232,51937,1001,343,344238,56937,1805,31,56396,60187,1802,109,196777,60250,2510,31,78369,53500,1506,515,801757,-500,1798,31,56335,55750,1004,31,31433,55750,3291,171,617187,60750,2512,31,78369,60750,967904,743980,877300,13228,122192,0,137332,63072,65040,168,72292,62904,8,0,205536,163600,762368,580380,0,0,1004,0,65020,9596,188,17304,12512,4792,688,772,0,0,0,483952,83860,245760,3180,131512,
1421971685108778,1009,46,47363,52000,1004,359,360351,56937,1805,31,56213,60187,1805,109,168212,60187,2509,31,78491,53500,1507,531,799804,53437,1805,31,56457,55750,1004,31,31372,55750,3291,171,617187,60750,2512,31,78369,60750,967904,745280,878608,13236,122204,0,135936,63080,63644,168,72292,62912,8,0,205536,163780,762368,581500,0,0,1016,0,63624,9596,188,17308,12512,4796,688,768,0,0,0,483952,81652,245760,3180,131512,
1421971688290132,1007,78,78979,52000,1003,343,329589,57000,1806,31,56396,60187,1798,109,196777,60250,2509,31,117675,53437,1507,500,752929,53437,1801,31,56396,55750,1002,31,31311,55750,3291,187,565429,60750,2507,31,78491,60750,967904,739512,872892,13236,122216,0,142508,63092,70176,168,72332,62924,8,0,205536,162820,762368,576692,0,0,84,0,70188,9596,188,17308,12512,4796,688,776,0,0,0,483952,86832,245760,3180,131512,
1421971690361390,1010,78,94726,52000,1001,343,343750,57000,1805,31,56335,60187,1801,109,196777,60187,2515,46,78735,53437,1506,500,776367,53437,1802,31,56396,55750,1001,31,31372,55750,3294,171,565429,60687,2512,31,78613,60687,967904,739296,872684,13244,122216,0,142924,63100,70592,168,72332,62932,8,0,205536,162760,762368,576536,0,0,84,0,70664,9596,188,17308,12512,4796,688,776,0,0,0,483952,86832,245760,3180,131512,
1421971692432981,1010,62,63110,52000,1001,343,376464,56937,1808,31,56396,60187,1802,93,196777,60187,2520,31,78613,53437,1507,515,776367,53437,1799,31,56274,55750,1003,31,31372,55750,3292,203,668945,60687,2510,31,78369,60687,967904,738836,872224,13244,122216,0,143492,63100,71160,168,72332,62932,8,0,205536,162640,762368,576196,0,0,48,0,71156,9596,188,17316,12512,4804,688,780,0,0,0,483952,86832,245760,3180,131512,
1421971694505714,1011,78,78735,52000,1004,343,329589,56937,1803,31,56274,60187,1803,125,197021,60250,2516,46,118041,53437,1506,515,776367,53375,1802,31,56274,55750,1003,31,31372,55750,3295,203,617187,60687,2510,31,78491,60687,967904,738352,871740,13244,122216,0,143960,63100,71628,168,72332,62932,8,0,205536,162520,762368,575832,0,0,48,0,71636,9596,188,17280,12512,4768,688,780,0,0,0,483952,86832,245760,3180,131512,
1421971696578706,1009,78,94726,52000,1001,359,359863,57000,1809,31,56396,60187,1795,125,225341,60250,2519,46,118041,53437,1507,515,776367,53375,1795,31,56396,55750,1004,31,31311,55750,3295,187,668945,60687,2510,31,78491,60687,967904,738476,871864,13244,122216,0,143564,63100,71232,168,72332,62932,8,0,205536,162520,762368,575956,0,0,48,0,71244,9596,188,17280,12512,4768,688,780,0,0,0,483952,88884,245760,3180,131512,
1421971698697519,1010,62,79101,52000,1001,343,313964,57000,1795,31,56335,60250,1802,109,169189,60250,2510,31,78735,53500,1505,500,752929,53437,1802,31,56274,55750,1002,31,31372,55750,3294,187,566406,60687,2510,31,78491,60687,967904,738476,871856,13244,122216,0,143620,63100,71288,168,72332,62932,8,0,205536,162520,762368,575956,0,0,48,0,71304,9596,188,17252,12504,4748,688,780,0,0,0,483952,88884,245760,3180,131512,
1421971700779100,1011,62,78857,51937,1000,343,344726,57000,1803,31,56335,60250,1794,109,168945,60250,2518,46,78613,53437,1505,515,752929,53437,1802,31,56213,55750,1005,31,31433,55750,3292,203,616210,60687,2510,31,78613,60750,967904,738476,871856,13244,122216,0,143620,63100,71288,168,72332,62932,8,0,205536,162520,762368,575956,0,0,48,0,71304,9596,188,17252,12504,4748,688,780,0,0,0,483952,88884,245760,3180,131512,
1421971702855704,1009,78,78979,52000,1004,343,329589,56937,1796,31,56396,60250,1801,109,197021,60187,2508,46,156982,53437,1505,515,776367,53437,1799,31,56396,55750,1005,31,31433,55750,3287,187,617187,60687,2512,31,78369,60687,967904,738468,871864,13252,122216,0,143620,63108,71288,168,72332,62940,8,0,205536,162520,762368,575948,0,0,52,0,71304,9596,188,17248,12512,4736,688,780,0,0,0,483952,88884,245760,3180,131512,
1421971704929894,1010,78,63232,52000,1003,343,329589,56937,1808,31,56396,60250,1803,109,224853,60250,2513,31,78735,53437,1504,500,752929,53437,1803,31,56335,55750,1002,31,31250,55750,3287,203,668945,60750,2509,31,78491,60687,967904,738468,871864,13252,122216,0,143620,63108,71288,168,72332,62940,8,0,205536,162520,762368,575948,0,0,52,0,71304,9596,188,17248,12512,4736,688,780,0,0,0,483952,88884,245760,3180,131512,
1421971707004249,1007,46,47241,52000,1002,328,329101,57000,1799,31,56396,60187,1799,109,225830,60250,2515,31,78735,53437,1507,500,752929,53375,1805,31,56274,55687,1002,31,31433,55750,3292,187,617187,60687,2513,31,78613,60687,967904,738476,871872,13260,122208,0,143620,63108,71288,168,72332,62940,8,0,205536,162520,762368,575956,0,0,52,0,71304,9596,188,17220,12512,4708,688,780,0,0,0,483952,88884,245760,3180,131512,
1421971709079489,1010,62,63110,52000,1004,343,329589,57000,1809,31,56457,60250,1801,109,197265,60250,2515,46,78735,53437,1503,515,777343,53437,1805,31,56213,55687,1004,31,31433,55750,3292,171,617187,60687,2510,31,78491,60750,967904,738476,871880,13260,122216,0,143620,63116,71288,168,72332,62948,8,0,205536,162520,762368,575956,0,0,52,0,71304,9596,188,17220,12512,4708,688,780,0,0,0,483952,88884,245760,3180,131512,
1421971711155171,1009,62,78979,52000,1005,359,361328,57000,1808,31,56152,60250,1801,109,169189,60250,2516,46,78735,53437,1506,515,751953,53437,1801,31,56396,55750,1004,31,31372,55750,3288,171,668945,60687,2513,31,78613,60750,967904,738476,871880,13260,122216,0,143620,63116,71288,168,72332,62948,8,0,205536,162520,762368,575956,0,0,52,0,71304,9596,188,17212,12512,4700,688,780,0,0,0,483952,88884,245760,3180,131512,
1421971713230227,1012,78,78857,52000,1004,343,344238,57000,1805,31,56457,60250,1798,109,224609,60250,2515,31,78613,53437,1506,515,776367,53437,1805,31,56335,55750,1004,31,31372,55812,3294,187,616210,60687,2509,31,78491,60687,967904,738468,871880,13268,122216,0,143620,63124,71288,168,72332,62956,8,0,205536,162520,762368,575948,0,0,24,0,71304,9596,188,17220,12512,4708,688,780,0,0,0,483952,88884,245760,3180,131512,
1421971716366109,1010,62,62988,52000,1001,312,297363,57000,1802,31,56274,60250,1799,109,196777,60250,2516,46,117919,53437,1506,515,776367,53437,1805,31,56457,55750,1004,31,31372,55750,3294,203,668945,60687,2512,31,78491,60687,967904,738468,871880,13268,122216,0,143620,63124,71288,168,72332,62956,8,0,205536,162520,762368,575948,0,0,0,0,71304,9596,188,17296,12512,4784,688,780,0,0,0,483952,88884,245760,3180,131512,
1421971718439229,1012,62,47363,52000,1004,328,329101,56937,1808,31,56396,60250,1802,109,197265,60250,2515,31,78735,53437,1505,500,777343,53437,1802,31,56274,55750,1003,31,31372,55750,3290,203,617187,60687,2507,31,78369,60625,967904,738468,871892,13276,122232,0,143624,63136,71288,168,72336,62968,8,0,205536,162520,762368,575948,0,0,32,0,71304,9596,188,17292,12508,4784,688,780,0,0,0,483952,88884,245760,3180,131512,
1421971720512534,1010,62,94726,52000,1004,359,375976,57000,1806,31,56396,60250,1801,93,168945,60250,2516,31,78735,53437,1506,515,752929,53375,1801,31,56152,55687,1004,31,31372,55750,3294,187,566406,60625,2512,31,78613,60687,967904,740956,874388,13276,122232,0,141144,63136,68800,168,72344,62968,8,0,205536,163180,762368,577776,0,0,32,0,68828,9596,188,17292,12508,4784,688,772,0,0,0,483952,85392,245760,3180,131512,
1421971722584327,1009,62,62988,52000,1002,359,344726,57000,1799,31,56213,60250,1799,109,224365,60250,2518,31,78735,53437,1504,500,752929,53375,1803,31,56213,55750,1002,31,31372,55750,3291,156,617187,60625,2513,31,78369,60625,967904,740704,874140,13284,122224,0,141948,63136,69604,168,72344,62968,8,0,205536,163060,762368,577644,0,0,8,0,69604,9596,188,17288,12512,4776,688,776,0,0,0,483952,85392,245760,3180,131512,
1421971724666498,1008,46,63232,52000,1001,328,313476,57000,1805,31,56518,60187,1799,93,197265,60250,2515,62,78735,53437,1507,531,752929,53375,1795,31,56396,55750,1004,31,31372,55750,3296,203,617187,60687,2513,31,78491,60687,967904,740736,874180,13284,122232,0,141948,63144,69604,168,72344,62976,8,0,205536,163060,762368,577676,0,0,20,0,69604,9596,188,17288,12512,4776,688,776,0,0,0,483952,85392,245760,3180,131512,
1421971726741185,1010,46,78857,52000,1002,343,360351,57000,1808,31,56518,60187,1801,109,168945,60250,2516,46,78613,53437,1506,500,753906,53437,1802,31,56213,55750,1004,31,31372,55750,3291,156,566406,60687,2510,31,78491,60687,967904,740736,874180,13284,122232,0,141948,63144,69604,168,72344,62976,8,0,205536,163060,762368,577676,0,0,20,0,69604,9596,188,17268,12512,4756,688,776,0,0,0,483952,85392,245760,3180,131512,
1421971728815135,1010,62,78979,52000,1004,343,330078,56937,1802,31,56396,60187,1803,93,197265,60250,2515,31,78735,53437,1507,500,752929,53437,1805,31,56152,55750,1003,31,31372,55750,3294,187,617187,60687,2509,31,78491,60625,967904,740736,874188,13292,122232,0,141948,63152,69604,168,72344,62984,8,0,205536,163060,762368,577676,0,0,12,0,69604,9596,188,17268,12512,4756,688,776,0,0,0,483952,85392,245760,3180,131512,
1421971730891499,1009,46,47302,52000,998,312,297363,56937,1806,31,56152,60187,1799,93,197021,60250,2516,46,78613,53437,1504,500,753906,53437,1803,31,56396,55750,1002,31,31372,55750,3292,171,617187,60687,2510,31,78491,60687,967904,740736,874188,13292,122232,0,141948,63152,69604,168,72344,62984,8,0,205536,163060,762368,577676,0,0,12,0,69604,9596,188,17248,12512,4736,688,776,0,0,0,483952,85392,245760,3180,131512,
1421971732964693,1010,62,63232,52000,1004,343,344726,56937,1808,31,56396,60187,1795,109,197265,60250,2510,31,78369,53437,1506,515,776367,53375,1802,31,56457,55687,1001,31,31433,55750,3290,140,514648,60687,2510,31,78369,60687,967904,740612,874064,13300,122232,0,141948,63152,69604,168,72344,62984,8,0,205536,163060,762368,577552,0,0,4,0,69604,9596,188,17248,12512,4736,688,776,0,0,0,483952,85392,245760,3180,131512,
1421971735040191,1006,46,62988,51937,1004,343,345214,56937,1805,31,56396,60187,1798,109,168701,60250,2520,62,78735,53437,1504,500,752929,53437,1803,31,56335,55687,1005,31,31372,55750,3296,187,669921,60687,2512,31,78613,60687,967904,740612,874072,13300,122232,0,141948,63160,69604,168,72344,62992,8,0,205536,163060,762368,577552,0,0,12,0,69604,9596,188,17240,12512,4728,688,776,0,0,0,483952,85392,245760,3180,131512,
1421971737114565,1009,62,47424,52000,1002,343,345214,56937,1809,31,56335,60187,1791,109,197021,60250,2518,31,78735,53500,1507,500,776367,53437,1799,31,56274,55687,1004,31,31311,55687,3291,187,566406,60687,2508,31,78369,60687,967904,740612,874072,13300,122232,0,141948,63160,69604,168,72344,62992,8,0,205536,163060,762368,577552,0,0,12,0,69604,9596,188,17240,12512,4728,688,776,0,0,0,483952,85392,245760,3180,131512,
1421971739189529,1009,78,63232,52000,1000,328,345214,56937,1806,31,84594,60187,1802,109,225585,60250,2515,31,78613,53437,1506,500,752929,53437,1802,31,56396,55750,1005,31,31311,55750,3291,171,566406,60687,2513,31,78491,60687,967904,740588,874052,13308,122232,0,141948,63168,69604,168,72344,63000,8,0,205536,163060,762368,577528,0,0,8,0,69604,9596,188,17224,12508,4716,688,776,0,0,0,483952,85392,245760,3180,131512,
1421971741264234,1012,78,63110,52000,1003,328,329101,56937,1799,31,56396,60187,1799,109,168701,60250,2520,78,118164,53437,1508,500,752929,53437,1803,31,56274,55687,1002,31,31372,55687,3295,171,617187,60687,2515,31,78491,60687,967904,740624,874088,13308,122232,0,141080,63168,68736,168,72344,63000,8,0,205536,163096,762368,577528,0,0,8,0,68736,9596,188,17224,12508,4716,688,776,0,0,0,483952,85392,245760,3180,131512,
1421971743373040,1011,62,63232,52000,1004,328,345214,56937,1803,31,84594,60187,1802,109,225585,60187,2518,31,78735,53437,1504,500,752929,53375,1796,31,56457,55750,1003,31,31372,55687,3292,156,565429,60687,2512,31,78491,60687,967904,740680,874152,13316,122232,0,141032,63176,68688,168,72344,63008,8,0,205536,163120,762368,577560,0,0,4,0,68668,9596,188,17224,12508,4716,688,772,0,0,0,483952,85392,245760,3180,131512,
1421971745455947,1009,62,47424,52000,1002,343,330078,56937,1806,31,56396,60250,1799,93,168945,60187,2518,31,78735,53437,1507,500,729492,53375,1802,31,56396,55687,1004,31,31433,55687,3294,203,668945,60687,2505,31,78613,60687,967904,740680,874152,13316,122232,0,141032,63176,68688,168,72344,63008,8,0,205536,163120,762368,577560,0,0,12,0,68668,9596,188,17224,12508,4716,688,772,0,0,0,483952,85392,245760,3180,131512,
1421971747530579,1010,93,63110,52000,1002,343,329101,56937,1806,31,56335,60187,1805,109,196777,60187,2518,31,78735,53437,1506,484,729492,53375,1802,31,56396,55687,1002,31,31372,55750,3292,187,617187,60687,2510,31,78369,60687,967904,740680,874152,13316,122232,0,141032,63176,68688,168,72344,63008,8,0,205536,163120,762368,577560,0,0,12,0,68668,9596,188,17224,12508,4716,688,772,0,0,0,483952,85392,245760,3180,131512,
1421971749605377,1009,78,78979,52000,1005,359,344726,56937,1802,31,56396,60187,1801,93,196289,60187,2518,46,118041,53437,1504,500,752929,53375,1805,31,56396,55750,1004,31,31372,55687,3295,171,617187,60750,2510,31,78247,60687,967904,740656,874132,13324,122232,0,141032,63184,68688,168,72344,63016,8,0,205536,163120,762368,577536,0,0,12,0,68668,9596,188,17212,12504,4708,688,772,0,0,0,483952,85392,245760,3180,131512,
1421971751680285,1009,62,78735,51937,1002,343,313964,56937,1806,31,56213,60187,1805,109,168457,60187,2516,31,78735,53437,1504,500,753906,53375,1803,31,56396,55687,1001,31,31433,55687,3294,203,617187,60687,2508,31,78369,60687,967904,740656,874132,13324,122236,0,141032,63184,68688,168,72344,63016,8,0,205536,163120,762368,577536,0,0,16,0,68668,9596,188,17212,12504,4708,688,772,0,0,0,483952,85392,245760,3180,131512,
1421971753754843,1009,46,47363,51937,1004,328,329589,56875,1801,31,56396,60187,1798,125,253906,60187,2513,46,78369,53437,1507,500,752929,53375,1806,31,56274,55687,1004,31,31372,55750,3291,187,668945,60687,2513,31,78491,60750,967904,740688,874164,13324,122240,0,141032,63184,68688,168,72344,63016,8,0,205536,163120,762368,577568,0,0,20,0,68668,9596,188,17208,12504,4704,688,772,0,0,0,483952,85392,245760,3180,131512,
1421971755829272,1011,62,62988,51937,1003,328,313964,56875,1803,46,56518,60187,1799,109,169189,60250,2519,31,156982,53437,1507,500,753906,53375,1803,31,56396,55687,1004,31,31372,55687,3294,187,667968,60750,2509,31,78491,60687,967904,740688,874172,13332,122240,0,141032,63192,68688,168,72344,63024,8,0,205536,163120,762368,577568,0,0,20,0,68668,9596,188,17208,12504,4704,688,772,0,0,0,483952,85392,245760,3180,131512,
1421971757904402,1009,62,63232,51937,1003,328,344726,56937,1806,31,56396,60187,1805,125,197021,60250,2521,31,118164,53437,1506,500,777343,53375,1803,31,56396,55687,1003,31,31372,55750,3294,171,565429,60687,2509,31,78491,60750,967904,740688,874172,13332,122240,0,141032,63192,68688,168,72344,63024,8,0,205536,163120,762368,577568,0,0,20,0,68668,9596,188,17208,12504,4704,688,772,0,0,0,483952,85392,245760,3180,131512,
1421971759980582,1011,62,63232,51937,1005,343,345214,56937,1808,31,56518,60187,1803,93,196777,60187,2518,31,78613,53437,1505,500,729492,53375,1803,31,56396,55687,1004,31,31372,55687,3290,203,566406,60687,2510,31,78491,60687,967904,740688,874188,13340,122248,0,141036,63204,68688,168,72348,63036,8,0,205536,163120,762368,577568,0,0,36,0,68668,9596,188,17208,12504,4704,688,772,0,0,0,483952,85392,245760,3180,131512,
1421971762055103,1010,62,78735,51875,1001,343,344726,56937,1803,31,56396,60187,1799,93,168945,60250,2508,31,117675,53437,1506,500,752929,53437,1799,31,56396,55687,1002,31,31372,55687,3296,203,668945,60750,2512,31,78613,60750,967904,740688,874188,13340,122248,0,141036,63204,68688,168,72348,63036,8,0,205536,163120,762368,577568,0,0,36,0,68668,9596,188,17208,12504,4704,688,772,0,0,0,483952,85392,245760,3180,131512,
1421971764129846,1011,62,62988,51937,1002,328,313964,56875,1802,31,56335,60125,1799,109,224853,60187,2518,78,156982,53437,1504,500,752929,53437,1802,31,56396,55687,1002,31,31372,55687,3288,187,514648,60687,2512,31,78369,60750,967904,740656,874156,13340,122248,0,141036,63204,68688,168,72348,63036,8,0,205536,163120,762368,577536,0,0,36,0,68668,9596,188,17208,12504,4704,688,772,0,0,0,483952,85392,245760,3180,131512,
1421971766204625,1009,62,63110,51937,1001,375,361328,56875,1799,31,56335,60187,1803,93,196289,60187,2520,31,78613,53437,1507,515,753906,53437,1801,31,56396,55750,1004,31,31311,55750,3292,187,668945,60750,2513,31,78491,60750,967904,740688,874196,13348,122248,0,141036,63212,68688,168,72348,63044,8,0,205536,163120,762368,577568,0,0,36,0,68668,9596,188,17208,12504,4704,688,772,0,0,0,483952,85392,245760,3180,131512,
1421971768295274,1012,62,63110,51937,1002,343,343750,56937,1806,31,56335,60125,1802,93,169189,60187,2513,31,118041,53437,1504,515,776367,53437,1796,31,56213,55687,1004,31,31372,55687,3296,171,565429,60687,2510,31,78491,60687,967904,740688,874196,13348,122248,0,141036,63212,68688,168,72348,63044,8,0,205536,163120,762368,577568,0,0,36,0,68668,9596,188,17208,12504,4704,688,772,0,0,0,483952,85392,245760,3180,131512,
1421971770369722,1011,78,62988,51937,1001,328,329101,56937,1803,46,56152,60187,1799,125,197021,60187,2516,31,118041,53437,1504,500,799804,53375,1798,31,56335,55687,1004,31,31433,55687,3287,203,667968,60750,2513,31,78613,60750,967904,740688,874204,13356,122248,0,141036,63220,68688,168,72348,63052,8,0,205536,163120,762368,577568,0,0,36,0,68668,9596,188,17208,12504,4704,688,772,0,0,0,483952,85392,245760,3180,131512,
1421971772444427,1007,62,62988,51937,1004,359,329589,56937,1805,31,56518,60187,1801,125,224365,60187,2515,31,78613,53437,1507,500,753906,53375,1803,31,56335,55687,1004,31,31433,55687,3288,171,462890,60750,2509,31,78613,60687,967904,740688,874204,13356,122248,0,141036,63220,68688,168,72348,63052,8,0,205536,163120,762368,577568,0,0,36,0,68668,9596,188,17208,12504,4704,688,772,0,0,0,483952,85392,245760,3180,131512,
1421971774519409,1010,62,63232,51937,1000,343,345214,56937,1805,31,56335,60187,1802,109,224365,60187,2520,31,78613,53437,1504,500,752929,53375,1796,31,56457,55687,1004,31,31372,55687,3287,203,565429,60750,2512,31,78491,60687,967904,740688,874204,13356,122248,0,141036,63220,68688,168,72348,63052,8,0,205536,163120,762368,577568,0,0,28,0,68668,9596,188,17208,12504,4704,688,772,0,0,0,483952,85392,245760,3180,131512,
1421971776593267,1007,78,62988,51937,1003,312,313476,56937,1806,31,56213,60187,1801,109,168701,60187,2520,31,78735,53437,1506,515,776367,53437,1802,31,56213,55687,1005,31,31372,55750,3292,171,566406,60750,2512,31,78613,60687,967904,740688,874204,13356,122248,0,141036,63220,68688,168,72348,63052,8,0,205536,163120,762368,577568,0,0,28,0,68668,9596,188,17208,12504,4704,688,772,0,0,0,483952,85392,245760,3180,131512,
1421971778666848,1012,62,63232,51937,999,343,344726,56937,1808,31,84716,60187,1802,93,224365,60187,2518,31,78735,53500,1506,531,800781,53437,1801,31,56335,55687,1004,31,31433,55687,3292,187,669921,60687,2510,31,78491,60687,967904,740680,874212,13364,122248,0,141036,63228,68688,168,72348,63060,8,0,205536,163120,762368,577560,0,0,16,0,68668,9596,188,17224,12512,4712,688,772,0,0,0,483952,85392,245760,3180,131512,
1421971780741203,1010,62,63110,51937,1002,328,329589,56937,1801,31,56213,60187,1799,125,253417,60187,2519,62,78613,53500,1506,500,752929,53437,1803,31,56335,55687,1004,31,31372,55687,3294,187,617187,60750,2510,31,78369,60687,967904,740680,874212,13364,122248,0,141036,63228,68688,168,72348,63060,8,0,205536,163120,762368,577560,0,0,24,0,68668,9596,188,17224,12512,4712,688,772,0,0,0,483952,85392,245760,3180,131512,
1421971782815024,1010,78,63110,51937,1005,328,345214,56937,1805,31,56213,60187,1799,125,197265,60187,2519,31,78735,53500,1506,468,706054,53437,1802,31,56396,55687,1003,31,31311,55750,3291,187,668945,60750,2513,31,78491,60687,967904,740680,874212,13364,122248,0,141040,63228,68692,168,72348,63060,8,0,205536,163120,762368,577560,0,0,24,0,68668,9596,188,17224,12512,4712,688,772,0,0,0,483952,85392,245760,3180,131512,
1421971784888624,1008,62,63110,51937,1002,343,360351,56937,1806,31,56274,60187,1792,93,197021,60187,2518,46,118041,53500,1505,500,754882,53437,1794,31,56396,55687,1001,31,31311,55687,3291,187,617187,60750,2509,31,78491,60687,967904,740680,874220,13372,122248,0,141036,63236,68688,168,72348,63068,8,0,205536,163120,762368,577560,0,0,32,0,68668,9596,188,17224,12512,4712,688,772,0,0,0,483952,85392,245760,3180,131512,
1421971786962389,1011,78,78613,51875,1001,343,329101,56875,1801,31,56396,60125,1801,109,168701,60187,2512,46,78613,53437,1507,500,754882,53437,1799,31,56213,55687,1002,31,31372,55687,3292,187,667968,60750,2509,31,78491,60750,967904,740688,874228,13372,122248,0,141036,63236,68688,168,72348,63068,8,0,205536,163120,762368,577568,0,0,32,0,68668,9596,188,17216,12512,4704,688,772,0,0,0,483952,85392,245760,3180,131512,
1421971789037058,1008,62,63232,51875,1002,328,345214,56875,1808,31,84594,60125,1802,93,197265,60187,2510,31,78369,53437,1507,531,824218,53437,1805,31,56396,55687,1003,31,31372,55687,3288,203,668945,60750,2505,31,78491,60750,967904,740648,874192,13384,122248,0,141040,63236,68688,168,72352,63068,8,0,205536,163120,762368,577528,0,0,20,0,68668,9596,188,17224,12512,4712,688,772,0,0,0,483952,85392,245760,3180,131512,
1421971791118491,1011,62,47302,51875,1002,343,329589,56875,1808,31,56213,60125,1799,109,197265,60187,2502,31,78369,53437,1506,500,776367,53437,1803,31,56274,55687,1004,31,31433,55687,3295,171,617187,60750,2510,31,78613,60750,967904,740680,874232,13384,122248,0,141040,63244,68688,168,72352,63076,8,0,205536,163120,762368,577560,0,0,32,0,68668,9596,188,17224,12512,4712,688,772,0,0,0,483952,85392,245760,3180,131512,
1421971793192902,1009,78,63232,51875,1004,328,329101,56875,1802,31,84716,60125,1798,125,224853,60187,2512,31,78613,53437,1507,500,752929,53437,1806,31,56335,55687,1003,31,31372,55687,3294,203,668945,60750,2509,31,78491,60750,967904,740680,874232,13384,122248,0,141040,63244,68688,168,72352,63076,8,0,205536,163120,762368,577560,0,0,32,0,68668,9596,188,17224,12512,4712,688,772,0,0,0,483952,85392,245760,3180,131512,
1421971795267976,1009,46,63232,51875,1004,343,344726,56875,1798,31,56396,60187,1802,109,168701,60187,2502,31,78247,53500,1506,515,778320,53437,1806,31,56335,55687,1004,31,31311,55687,3292,187,618164,60750,2513,31,78491,60750,967904,740688,874236,13392,122248,0,141040,63244,68688,168,72352,63076,8,0,205536,163120,762368,577568,0,0,32,0,68668,9596,188,17212,12508,4704,688,772,0,0,0,483952,85392,245760,3180,131512,
1421971797341834,1009,62,62988,51875,1001,328,345214,56875,1803,31,56335,60187,1795,109,197265,60250,2516,46,78613,53500,1506,515,798828,53437,1803,31,56396,55687,1004,31,31433,55687,3291,187,617187,60750,2509,31,78491,60750,967904,740688,874244,13392,122248,0,141040,63252,68688,168,72352,63084,8,0,205536,163120,762368,577568,0,0,32,0,68668,9596,188,17212,12508,4704,688,772,0,0,0,483952,85392,245760,3180,131512,
1421971799417203,1010,78,62988,51937,1003,312,360351,56875,1806,31,56274,60187,1802,109,168945,60250,2515,31,78857,53500,1508,500,777343,53437,1796,31,56213,55687,1002,31,31372,55750,3290,203,668945,60687,2513,31,78491,60750,967904,740656,874212,13392,122248,0,141040,63252,68688,168,72352,63084,8,0,205536,163120,762368,577536,0,0,32,0,68668,9596,188,17212,12508,4704,688,772,0,0,0,483952,85392,245760,3180,131512,
1421971801492277,1010,62,63232,51937,1002,343,344238,56937,1805,31,56457,60187,1802,93,197265,60250,2519,31,78735,53500,1506,500,776367,53437,1803,31,56213,55750,1003,31,31372,55750,3295,171,513671,60750,2516,31,78369,60687,967904,740688,874256,13400,122256,0,141044,63264,68688,168,72356,63096,8,0,205536,163120,762368,577568,0,0,44,0,68668,9596,188,17212,12504,4708,688,772,0,0,0,483952,85392,245760,3180,131512,
1421971803567333,1007,62,78857,51937,1002,343,344726,56937,1798,46,56518,60187,1802,93,197509,60187,2513,31,78735,53500,1504,531,776367,53437,1798,31,56213,55687,1004,31,31372,55687,3292,171,617187,60687,2510,31,78613,60687,967904,740688,874256,13400,122256,0,141044,63264,68688,168,72356,63096,8,0,205536,163120,762368,577568,0,0,44,0,68668,9596,188,17212,12504,4708,688,772,0,0,0,483952,85392,245760,3180,131512,
1421971805641615,1009,46,63110,51937,1004,328,313964,56875,1796,31,56396,60187,1803,109,197265,60250,2520,31,78735,53500,1506,500,800781,53437,1802,31,56396,55687,1004,31,31372,55750,3288,187,617187,60750,2509,31,78369,60750,967904,740688,874256,13400,122256,0,141044,63264,68688,168,72356,63096,8,0,205536,163120,762368,577568,0,0,44,0,68668,9596,188,17212,12504,4708,688,772,0,0,0,483952,85392,245760,3180,131512,
1421971807716541,1010,78,78979,51875,1003,343,359375,56875,1802,31,56518,60187,1805,125,224853,60187,2515,46,78735,53500,1506,515,753906,53437,1805,31,56335,55687,1004,31,31372,55687,3294,187,617187,60750,2512,31,78491,60687,967904,740656,874224,13400,122256,0,141044,63264,68688,168,72356,63096,8,0,205536,163120,762368,577536,0,0,44,0,68668,9596,188,17212,12504,4708,688,772,0,0,0,483952,85392,245760,3180,131512,
1421971809791026,1009,62,78735,51875,1002,343,345214,56875,1803,31,56457,60187,1801,109,168945,60187,2520,31,78613,53437,1507,500,752929,53437,1802,31,56457,55687,1005,31,31311,55687,3295,171,617187,60750,2510,31,78247,60750,967904,740688,874264,13408,122256,0,141044,63272,68688,168,72356,63104,8,0,205536,163120,762368,577568,0,0,20,0,68668,9596,188,17208,12504,4704,688,772,0,0,0,483952,85392,245760,3180,131512,
1421971811865418,1010,62,78735,51875,1000,312,313476,56875,1802,31,56213,60187,1802,109,197265,60187,2518,31,117919,53437,1507,515,752929,53437,1805,31,56213,55687,1001,31,31433,55687,3292,218,668945,60750,2510,31,78491,60750,967904,740564,874140,13408,122256,0,141044,63272,68688,168,72356,63104,8,0,205536,163120,762368,577444,0,0,20,0,68668,9596,188,17208,12504,4704,688,772,0,0,0,483952,85392,245760,3180,131512,
1421971813947404,1008,62,47302,51875,1004,343,329101,56937,1809,31,56396,60187,1802,125,196289,60187,2516,31,157470,53500,1506,500,776367,53437,1801,31,56152,55687,1003,31,31433,55687,3294,171,565429,60687,2513,31,78369,60750,967904,740556,874144,13416,122256,0,141044,63280,68688,168,72356,63112,8,0,205536,163120,762368,577436,0,0,24,0,68668,9596,188,17220,12508,4712,688,772,0,0,0,483952,85392,245760,3180,131512,
1421971816022607,1010,62,47363,51875,1002,343,312988,56937,1808,31,56396,60187,1801,125,224853,60187,2519,62,157226,53500,1505,500,800781,53437,1803,31,56396,55687,1004,31,31372,55687,3291,187,514648,60750,2509,31,78491,60750,967904,740556,874144,13416,122256,0,141044,63280,68688,168,72356,63112,8,0,205536,163120,762368,577436,0,0,24,0,68668,9596,188,17220,12508,4712,688,772,0,0,0,483952,85392,245760,3180,131512,
1421971818098031,1009,62,94482,51937,1003,343,345214,56937,1806,31,56213,60187,1799,109,168945,60250,2516,46,78613,53500,1505,500,751953,53437,1802,31,56396,55687,1004,31,31372,55750,3292,203,668945,60687,2510,31,78491,60687,967904,740564,874152,13416,122256,0,141044,63280,68688,168,72356,63112,8,0,205536,163120,762368,577444,0,0,24,0,68668,9596,188,17212,12508,4704,688,772,0,0,0,483952,85392,245760,3180,131512,
1421971820172442,1010,78,63232,51937,1003,343,360839,56937,1805,31,56396,60187,1801,109,196044,60250,2515,31,117919,53500,1507,515,752929,53437,1802,31,56396,55750,1004,31,31372,55750,3292,203,667968,60687,2512,31,78491,60687,967904,740564,874160,13424,122256,0,141044,63288,68688,168,72356,63120,8,0,205536,163120,762368,577444,0,0,24,0,68668,9596,188,17212,12508,4704,688,772,0,0,0,483952,85392,245760,3180,131512,
1421971822247203,1007,62,63110,51937,1003,328,329101,56937,1796,31,56213,60187,1801,93,197265,60250,2516,31,118164,53500,1508,531,777343,53437,1796,31,56274,55687,1004,31,31433,55687,3292,187,617187,60687,2509,31,78491,60687,967904,740564,874160,13424,122256,0,141044,63288,68688,168,72356,63120,8,0,205536,163120,762368,577444,0,0,24,0,68668,9596,188,17212,12508,4704,688,772,0,0,0,483952,85392,245760,3180,131512,
1421971824322425,1009,62,63110,51937,1002,359,361328,56937,1805,31,56213,60187,1798,93,197265,60250,2520,31,78735,53500,1507,500,752929,53437,1801,31,56396,55687,1004,31,31372,55687,3292,203,617187,60687,2513,31,78613,60687,967904,740564,874160,13424,122256,0,141044,63288,68688,168,72356,63120,8,0,205536,163120,762368,577444,0,0,24,0,68668,9596,188,17212,12508,4704,688,772,0,0,0,483952,85392,245760,3180,131512,
1421971826397057,1009,78,63110,51937,1002,359,345214,56937,1805,31,56518,60187,1801,93,168945,60187,2518,46,78613,53500,1504,515,777343,53437,1801,31,56213,55687,1003,31,31433,55750,3294,203,719726,60687,2507,31,78491,60687,967904,740564,874164,13432,122256,0,141044,63296,68688,168,72356,63128,8,0,205536,163120,762368,577444,0,0,24,0,68668,9596,188,17208,12504,4704,688,772,0,0,0,483952,85392,245760,3180,131512,
1421971828471762,1009,46,62988,51937,1002,343,344238,56937,1802,31,56396,60187,1795,93,197509,60250,2516,46,117919,53437,1506,500,752929,53437,1801,31,56213,55687,1003,31,31372,55750,3292,187,617187,60687,2508,31,78491,60687,967904,740564,874164,13432,122256,0,141044,63296,68688,168,72356,63128,8,0,205536,163120,762368,577444,0,0,24,0,68668,9596,188,17208,12504,4704,688,772,0,0,0,483952,85392,245760,3180,131512,
1421971830546025,1008,62,62988,51937,1004,343,330078,56875,1802,46,56396,60187,1801,125,224121,60187,2516,31,78735,53437,1504,515,776367,53437,1803,31,56213,55687,1004,31,31372,55687,3288,187,667968,60687,2510,31,78491,60687,967904,740564,874164,13440,122256,0,141044,63296,68688,168,72356,63128,8,0,205536,163120,762368,577444,0,0,24,0,68668,9596,188,17208,12504,4704,688,772,0,0,0,483952,85392,245760,3180,131512,
1421971832622205,1011,62,62866,51937,1003,328,313964,56875,1805,31,56396,60187,1802,109,169189,60250,2510,31,117675,53437,1506,531,775390,53437,1805,31,56396,55687,1003,31,31372,55687,3288,187,667968,60750,2515,31,78613,60750,967904,740564,874172,13440,122256,0,141044,63304,68688,168,72356,63136,8,0,205536,163120,762368,577444,0,0,24,0,68668,9596,188,17208,12504,4704,688,772,0,0,0,483952,85392,245760,3180,131512,
1421971834703565,1009,78,63354,51937,1003,328,345214,56937,1805,31,56518,60187,1794,125,168701,60187,2518,31,78735,53437,1507,500,752929,53375,1803,31,56335,55687,1002,31,31372,55687,3295,203,617187,60687,2509,31,78369,60687,967904,740556,874172,13440,122256,0,141044,63304,68688,168,72356,63136,8,0,205536,163120,762368,577436,0,0,12,0,68668,9596,188,17224,12512,4712,688,772,0,0,0,483952,85392,245760,3180,131512,
1421971836777828,1010,62,78857,51937,1003,359,345214,56875,1802,31,56213,60187,1802,125,196777,60187,2515,46,118041,53375,1504,500,776367,53375,1803,31,56457,55687,1003,31,31433,55687,3290,187,617187,60750,2510,31,78613,60687,967904,740556,874180,13448,122256,0,141044,63312,68688,168,72356,63144,8,0,205536,163120,762368,577436,0,0,28,0,68668,9596,188,17224,12512,4712,688,772,0,0,0,483952,85392,245760,3180,131512,
1421971838852294,1010,62,78613,51937,1003,359,360351,56875,1803,31,56396,60187,1794,109,225097,60187,2523,62,196533,53437,1505,515,753906,53375,1802,31,56396,55687,1004,31,31372,55687,3294,218,668945,60750,2512,31,78491,60687,967904,740532,874156,13448,122256,0,141044,63312,68688,168,72356,63144,8,0,205536,163120,762368,577412,0,0,28,0,68668,9596,188,17216,12512,4704,688,772,0,0,0,483952,85392,245760,3180,131512,
1421971840927202,1009,93,78857,51937,1003,343,313964,56937,1812,31,56335,60125,1802,125,196289,60187,2507,31,78491,53437,1505,500,753906,53437,1799,31,56396,55687,1002,31,31372,55687,3290,187,514648,60750,2508,31,78491,60687,967904,740564,874188,13448,122256,0,141044,63312,68688,168,72356,63144,8,0,205536,163120,762368,577444,0,0,28,0,68668,9596,188,17216,12512,4704,688,772,0,0,0,483952,85392,245760,3180,131512,
1421971843002553,1009,62,63232,51937,1006,312,345214,56875,1803,31,56396,60187,1798,109,168945,60187,2515,31,157226,53437,1502,500,752929,53437,1805,31,56213,55687,1005,31,31372,55750,3295,171,617187,60687,2510,31,78491,60687,967904,740564,874196,13456,122264,0,141048,63316,68688,168,72360,63148,8,0,205536,163120,762368,577444,0,0,40,0,68668,9596,188,17216,12512,4704,688,772,0,0,0,483952,85392,245760,3180,131512,
1421971845077314,1009,62,63110,51937,1001,343,360839,56875,1805,31,56396,60187,1801,109,169189,60187,2520,31,78735,53437,1504,515,776367,53437,1803,31,56457,55687,1004,31,31372,55687,3290,187,667968,60750,2509,31,78491,60750,967904,740564,874204,13456,122264,0,141048,63324,68688,168,72360,63156,8,0,205536,163120,762368,577444,0,0,20,0,68668,9596,188,17216,12512,4704,688,772,0,0,0,483952,85392,245760,3180,131512,
1421971847151006,1009,78,62866,51937,1004,312,329101,56875,1802,31,56457,60187,1802,109,196777,60187,2519,62,196533,53437,1506,515,801757,53437,1805,31,56396,55687,1004,31,31372,55750,3295,187,618164,60750,2515,31,78491,60750,967904,740564,874204,13456,122264,0,141440,63324,69072,168,72368,63156,8,0,205536,163120,762368,577444,0,0,20,0,69068,9596,188,17208,12504,4704,688,776,0,0,0,483952,85392,245760,3180,131512,
1421971849225822,1012,62,78979,51937,1003,343,344238,56875,1808,31,56579,60187,1799,93,168945,60187,2513,31,78735,53437,1507,500,752929,53437,1802,31,56274,55750,1003,31,31433,55750,3290,187,668945,60750,2515,31,78369,60750,967904,740524,874168,13456,122264,0,141440,63324,69072,168,72368,63156,8,0,205536,163120,762368,577404,0,0,12,0,69068,9596,188,17220,12508,4712,688,776,0,0,0,483952,85392,245760,3180,131512,
1421971851300564,1008,78,63354,51875,1001,343,360839,56875,1802,46,56518,60187,1805,109,168701,60187,2520,31,78613,53437,1506,515,776367,53437,1803,31,56396,55687,1002,31,31372,55750,3295,187,566406,60750,2513,31,78491,60687,967904,740556,874208,13464,122268,0,141304,63332,68936,168,72368,63164,8,0,205536,163120,762368,577436,0,0,28,0,68932,9596,188,17220,12508,4712,688,776,0,0,0,483952,85392,245760,3180,131512,
1421971853392006,1011,62,63110,51875,1000,359,345214,56875,1803,31,56396,60187,1802,109,168945,60187,2518,31,78735,53437,1505,500,752929,53437,1799,31,56457,55687,1003,31,31433,55687,3291,171,668945,60750,2512,31,78491,60750,967904,740564,874216,13464,122272,0,141260,63332,68892,168,72368,63164,8,0,205536,163120,762368,577444,0,0,32,0,68888,9596,188,17212,12508,4704,688,776,0,0,0,483952,85392,245760,3180,131512,
1421971855465385,1009,62,78979,51875,1006,328,312988,56875,1809,31,56396,60187,1796,109,197265,60187,2518,31,78735,53437,1506,531,752929,53375,1805,31,56335,55687,1004,31,31311,55687,3294,234,720703,60750,2510,31,78491,60750,967904,740564,874216,13472,122264,0,141260,63332,68892,168,72368,63164,8,0,205536,163120,762368,577444,0,0,32,0,68888,9596,188,17212,12508,4704,688,776,0,0,0,483952,85392,245760,3180,131512,
1421971857540680,1010,78,78979,51875,1004,343,345214,56875,1803,31,56457,60187,1802,125,224365,60187,2520,62,118041,53437,1506,515,752929,53437,1805,31,56396,55687,1002,31,31372,55687,3294,187,617187,60750,2510,31,78491,60687,967904,740532,874192,13472,122272,0,141260,63340,68892,168,72368,63172,8,0,205536,163120,762368,577412,0,0,32,0,68888,9596,188,17212,12508,4704,688,776,0,0,0,483952,85392,245760,3180,131512,
1421971859615054,1009,78,62988,51875,1006,328,343750,56812,1796,31,56335,60187,1798,109,225097,60187,2508,31,78247,53437,1507,484,753906,53437,1801,31,56396,55687,1003,31,31372,55750,3298,187,566406,60750,2509,31,78369,60750,967904,740564,874224,13472,122272,0,141260,63340,68892,168,72368,63172,8,0,205536,163120,762368,577444,0,0,32,0,68888,9596,188,17212,12508,4704,688,776,0,0,0,483952,85392,245760,3180,131512,
1421971861690588,1011,62,47363,51875,1004,312,313476,56812,1803,31,56396,60187,1799,109,197265,60125,2519,46,78735,53437,1506,515,776367,53437,1802,31,56396,55687,1003,31,31433,55687,3291,171,616210,60750,2510,31,78735,60687,967904,740564,874220,13480,122264,0,141260,63340,68892,168,72368,63172,8,0,205536,163120,762368,577444,0,0,32,0,68888,9596,188,17208,12504,4704,688,776,0,0,0,483952,85392,245760,3180,131512,
1421971863764170,1009,62,63232,51875,1003,312,329101,56875,1805,46,56335,60125,1802,125,225585,60125,2516,31,78613,53437,1506,500,753906,53437,1801,31,56396,55687,1004,31,31372,55687,3288,187,618164,60750,2510,31,78613,60750,967904,740564,874228,13480,122272,0,141260,63348,68892,168,72368,63180,8,0,205536,163120,762368,577444,0,0,32,0,68888,9596,188,17212,12504,4708,688,776,0,0,0,483952,85392,245760,3180,131512,
1421971865837308,1007,62,63110,51875,1002,343,344726,56875,1803,31,56396,60125,1798,109,197021,60125,2505,31,78369,53437,1506,515,776367,53437,1803,31,56335,55687,1004,31,31311,55687,3291,187,617187,60750,2507,31,78491,60750,967904,740564,874228,13480,122272,0,141260,63348,68892,168,72368,63180,8,0,205536,163120,762368,577444,0,0,32,0,68888,9596,188,17212,12504,4708,688,776,0,0,0,483952,85392,245760,3180,131512,
