t,VCCINT.V,VCCINT.I,VCCINT.P,VCCINT.T,VCCPINT.V,VCCPINT.I,VCCPINT.P,VCCPINT.T,VCCAUX.V,VCCAUX.I,VCCAUX.P,VCCAUX.T,VCCPAUX.V,VCCPAUX.I,VCCPAUX.P,VCCPAUX.T,VCCADJ.V,VCCADJ.I,VCCADJ.P,VCCADJ.T,VCC1V5.V,VCC1V5.I,VCC1V5.P,VCC1V5.T,VCCMIO_PS.V,VCCMIO_PS.I,VCCMIO_PS.P,VCCMIO_PS.T,VCCBRAM.V,VCCBRAM.I,VCCBRAM.P,VCCBRAM.T,VCC3V3.V,VCC3V3.I,VCC3V3.P,VCC3V3.T,VCC2V5.V,VCC2V5.I,VCC2V5.P,VCC2V5.T,M.MemTotal:,M.MemFree:,M.MemAvailable:,M.Buffers:,M.Cached:,M.SwapCached:,M.Active:,M.Inactive:,M.Active(anon):,M.Inactive(anon):,M.Active(file):,M.Inactive(file):,M.Unevictable:,M.Mlocked:,M.HighTotal:,M.HighFree:,M.LowTotal:,M.LowFree:,M.SwapTotal:,M.SwapFree:,M.Dirty:,M.Writeback:,M.AnonPages:,M.Mapped:,M.Shmem:,M.Slab:,M.SReclaimable:,M.SUnreclaim:,M.KernelStack:,M.PageTables:,M.NFS_Unstable:,M.Bounce:,M.WritebackTmp:,M.CommitLimit:,M.Committed_AS:,M.VmallocTotal:,M.VmallocUsed:,M.VmallocChunk:,
1421970864224476,1010,46,63232,52062,1005,265,266113,57062,1806,31,84594,60437,1801,93,196289,60437,2508,31,78369,53500,1506,515,776367,53500,1808,31,56396,55812,1005,31,31372,55812,3292,203,668945,61000,2513,31,78491,61000,967904,766772,896552,12012,119860,0,116860,61636,46660,168,70200,61468,8,0,205536,168580,762368,598192,0,0,24,0,46644,7060,188,17228,12500,4728,648,660,0,0,0,483952,61212,245760,3180,131512,
1421970866297099,1009,78,78979,52062,1001,281,282226,57062,1803,31,56396,60437,1802,109,197265,60437,2519,46,78735,53500,1505,500,776367,53500,1799,31,56335,55812,1004,31,31372,55812,3295,187,616210,61000,2512,31,78369,61062,967904,766804,896596,12012,119860,0,116960,61644,46760,168,70200,61476,8,0,205536,168580,762368,598224,0,0,24,0,46752,7028,188,17252,12504,4748,664,684,0,0,0,483952,61212,245760,3180,131512,
1421970868369759,1011,62,63110,52062,1005,281,281738,57062,1801,31,56457,60437,1801,109,168945,60500,2518,62,78735,53500,1507,515,752929,53500,1805,31,56213,55812,1004,31,31311,55750,3292,203,668945,61000,2512,31,78491,61000,967904,766804,896596,12012,119860,0,116984,61644,46784,168,70200,61476,8,0,205536,168580,762368,598224,0,0,24,0,46776,7028,188,17252,12504,4748,664,684,0,0,0,483952,61212,245760,3180,131512,
1421970870450823,1009,62,78979,52062,1000,281,282226,57062,1805,31,56457,60437,1805,109,168945,60437,2516,78,78735,53500,1507,500,775390,53500,1806,31,56335,55750,1002,31,31311,55750,3290,187,567382,61000,2508,31,78613,61062,967904,766804,896600,12020,119860,0,116984,61648,46784,168,70200,61480,8,0,205536,168580,762368,598224,0,0,36,0,46776,7028,188,17252,12504,4748,664,684,0,0,0,483952,61212,245760,3180,131512,
1421970872523409,1009,46,47302,52062,1004,296,298339,57062,1805,31,56457,60437,1802,93,197265,60437,2519,31,78491,53500,1504,500,776367,53437,1803,31,56274,55750,1001,31,31433,55812,3292,187,618164,61000,2513,31,78491,61000,967904,766772,896568,12020,119860,0,116984,61648,46784,168,70200,61480,8,0,205536,168580,762368,598192,0,0,36,0,46776,7028,188,17252,12504,4748,664,684,0,0,0,483952,61212,245760,3180,131512,
1421970874595884,1009,62,47424,52062,1004,328,345214,57062,1803,31,56396,60437,1799,93,167968,60437,2507,31,78369,53500,1506,515,799804,53500,1802,31,56396,55750,1003,31,31372,55812,3295,187,566406,61062,2510,31,78369,61000,967904,763952,893752,12040,119844,0,120188,61652,49988,168,70200,61484,8,0,205536,168040,762368,595912,0,0,40,0,49984,8108,188,17228,12504,4724,680,716,0,0,0,483952,67584,245760,3180,131512,
1421970876672304,1006,78,63110,52062,1004,359,344726,57000,1802,31,56396,60375,1796,125,225097,60437,2512,62,118041,53500,1507,515,776367,53500,1802,31,56335,55750,1001,31,31433,55812,3291,203,719726,61000,2513,31,78491,61062,967904,757800,888196,12044,120368,0,125324,62132,55020,168,70304,61964,8,0,205536,166540,762368,591260,0,0,640,0,54968,9724,188,17264,12516,4748,688,740,0,0,0,483952,72848,245760,3180,131512,
1421970878748963,1011,46,63110,52062,1002,328,345214,57000,1802,31,56396,60437,1799,109,197021,60437,2519,31,78613,53500,1506,515,752929,53500,1801,31,56213,55750,1004,31,31372,55812,3294,203,668945,61000,2512,31,78491,61000,967904,750964,881352,12044,120412,0,132748,61660,61980,168,70768,61492,8,0,205536,165220,762368,585744,0,0,552,0,61976,10360,188,17264,12516,4748,688,764,0,0,0,483952,81312,245760,3180,131512,
1421970880825512,1006,78,78857,52062,1002,359,360351,57000,1806,31,56396,60437,1805,109,197265,60437,2519,31,78735,53500,1503,500,753906,53500,1805,31,56335,55750,1004,31,31433,55812,3295,171,618164,61000,2516,31,78735,61000,967904,747764,878160,12052,120412,0,135936,61664,65164,168,70772,61496,8,0,205536,164500,762368,583264,0,0,616,0,65172,10424,188,17264,12516,4748,688,772,0,0,0,483952,85236,245760,3180,131512,
1421970888368229,1010,62,79101,52062,1004,375,376953,57000,1808,46,56335,60437,1798,93,169189,60500,2520,46,156982,53500,1506,531,752929,53500,1798,31,56457,55812,1001,31,31372,55812,3292,171,-500000,61000,2512,31,78491,61000,967904,753256,883288,12060,120044,0,130192,61676,59792,168,70400,61508,8,0,205536,165520,762368,587736,0,0,248,0,59840,9384,188,17332,12512,4820,688,752,0,0,0,483952,75440,245760,3180,131512,
1421970893700284,1010,62,62988,52062,1001,359,345214,57000,1805,31,56213,60437,1805,109,168945,60500,2520,31,78735,53500,1504,500,752929,53500,1802,31,56396,55750,1003,31,31372,55750,3296,203,616210,61062,2512,31,78491,61000,967904,750480,881396,12068,120928,0,133308,61688,62028,168,71280,61520,8,0,205536,165100,762368,585380,0,0,1132,0,62128,9384,188,17312,12504,4808,688,812,0,0,0,483952,116204,245760,3180,131512,
1421970895773128,1010,62,78979,52062,1001,328,328613,57062,1803,31,56396,60500,1801,93,197021,60500,2520,62,118041,53500,1506,515,776367,53500,1805,31,56274,55750,1004,31,31372,55750,3291,187,617187,61000,2508,31,78613,61000,967904,747396,878328,12076,120936,0,136468,61692,65176,168,71292,61524,8,0,205536,164620,762368,582776,0,0,1144,0,65200,9384,188,17312,12504,4808,688,768,0,0,0,483952,81312,245760,3180,131512,
1421970897845935,1010,78,78857,52062,998,359,360351,57062,1798,31,84594,60437,1795,109,224121,60500,2519,31,157226,53500,1506,515,752929,53500,1802,31,56213,55750,1004,31,31372,55750,3295,171,618164,61062,2512,31,78491,61000,967904,747028,877960,12076,120936,0,136828,61692,65536,168,71292,61524,8,0,205536,164500,762368,582528,0,0,1144,0,65564,9384,188,17268,12504,4764,688,768,0,0,0,483952,81312,245760,3180,131512,
1421970899919240,1010,62,62988,52000,1002,328,313476,57000,1805,31,56396,60437,1802,93,197265,60500,2516,31,78735,53562,1507,500,753906,53500,1806,31,56396,55750,1001,31,31372,55812,3292,187,617187,61000,2510,31,78369,61000,967904,746360,877292,12084,120928,0,137156,61692,65864,168,71292,61524,8,0,205536,164260,762368,582100,0,0,1144,0,65868,9384,188,17268,12504,4764,688,772,0,0,0,483952,81312,245760,3180,131512,
1421970901992858,1009,78,78857,52000,1004,359,345214,57000,1803,31,56396,60437,1805,109,168457,60500,2520,31,78491,53562,1506,546,801757,53500,1802,31,56274,55750,1002,31,31433,55812,3295,203,668945,61000,2512,31,78491,61000,967904,747588,878528,12084,120936,0,135652,61700,64360,168,71292,61532,8,0,205536,164440,762368,583148,0,0,1144,0,64340,9632,188,17260,12504,4756,688,768,0,0,0,483952,81312,245760,3180,131512,
1421970904067232,1010,78,63110,52062,1003,343,344726,57000,1806,31,56396,60437,1801,109,225341,60500,2516,31,78735,53562,1505,500,776367,53562,1805,31,56396,55750,1002,31,31311,55812,3290,203,565429,61000,2509,31,78491,61000,967904,747588,878528,12084,120944,0,135652,61700,64360,168,71292,61532,8,0,205536,164440,762368,583148,0,0,1152,0,64340,9632,188,17260,12504,4756,688,768,0,0,0,483952,81312,245760,3180,131512,
1421970906141439,1009,78,78979,52062,1003,312,329589,57062,1802,31,56335,60437,1802,93,197021,60500,2516,31,78735,53562,1506,515,776367,53500,1803,31,56274,55750,1003,31,31372,55812,3296,171,566406,61062,2513,31,78491,61062,967904,747588,878536,12092,120952,0,135652,61708,64360,168,71292,61540,8,0,205536,164440,762368,583148,0,0,1160,0,64340,9632,188,17240,12504,4736,688,768,0,0,0,483952,81312,245760,3180,131512,
1421970908223094,1010,78,62988,52062,1004,359,345214,57062,1805,31,56396,60437,1801,109,197265,60437,2518,31,78613,53500,1506,500,776367,53500,1802,31,56396,55750,1003,31,31433,55750,3292,187,617187,61000,2510,31,78491,61000,967904,747588,878536,12092,120960,0,135652,61708,64360,168,71292,61540,8,0,205536,164440,762368,583148,0,0,1068,0,64340,9632,188,17240,12504,4736,688,768,0,0,0,483952,81312,245760,3180,131512,
1421970910298998,1007,62,63110,52062,1002,359,360839,57062,1798,46,56457,60437,1799,109,168945,60500,2519,46,157470,53500,1506,515,776367,53500,1805,31,56396,55750,1005,31,31372,55750,3295,156,618164,61000,2510,31,78491,61000,967904,746720,877732,12092,120992,0,137176,61728,65848,168,71328,61560,8,0,205536,164200,762368,582520,0,0,1104,0,65868,9632,188,17240,12512,4728,688,772,0,0,0,483952,81312,245760,3180,131512,
1421970912371786,1011,62,78857,52062,1002,343,344726,57000,1801,31,56335,60437,1803,109,168701,60437,2520,46,117919,53562,1506,500,753906,53500,1802,31,56396,55812,1002,31,31433,55750,3294,203,565429,61000,2508,31,78613,61000,967904,746232,877252,12100,120992,0,137352,61736,66024,168,71328,61568,8,0,205536,163960,762368,582272,0,0,1112,0,66020,9632,188,17240,12512,4728,688,772,0,0,0,483952,81312,245760,3180,131512,
1421970914447764,1012,62,62988,52062,1004,328,329589,57000,1809,31,56457,60375,1802,125,197265,60500,2518,46,118164,53562,1507,500,753906,53500,1798,31,56274,55750,1004,31,31372,55750,3294,156,618164,61000,2510,31,78613,61000,967904,746240,877260,12100,120992,0,137144,61736,65816,168,71328,61568,8,0,205536,163960,762368,582280,0,0,1036,0,65812,9632,188,17216,12512,4704,688,768,0,0,0,483952,81312,245760,3180,131512,
1421970916521381,1008,93,78979,52062,1003,343,344726,57000,1805,31,56335,60437,1801,109,197265,60437,2520,31,117919,53562,1507,500,752929,53500,1802,31,56274,55750,1004,31,31433,55750,3290,187,566406,61062,2509,31,78369,61000,967904,746208,877228,12100,120992,0,137132,61736,65804,168,71328,61568,8,0,205536,163960,762368,582248,0,0,1036,0,65800,9632,188,17216,12512,4704,688,764,0,0,0,483952,81312,245760,3180,131512,
1421970918596069,1007,46,63232,52062,1004,343,329589,57000,1805,31,56518,60375,1801,109,168701,60500,2518,46,196533,53500,1507,531,825195,53500,1803,31,56396,55750,1003,31,31372,55750,3294,218,668945,61000,2513,31,78369,61000,967904,747580,878612,12108,121000,0,136352,61748,65024,168,71328,61580,8,0,205536,164440,762368,583140,0,0,880,0,65044,9632,188,17224,12512,4712,688,764,0,0,0,483952,81312,245760,3180,131512,
1421970921760870,1010,78,62866,52062,1002,328,344726,57000,1799,31,56396,60437,1799,93,197509,60437,2520,46,78613,53500,1505,515,752929,53500,1805,31,56274,55750,1004,31,31433,55750,3295,171,667968,61000,2513,31,78613,61000,967904,747580,878608,12108,121000,0,136348,61744,65016,168,71332,61576,8,0,205536,164440,762368,583140,0,0,880,0,65036,9632,188,17276,12508,4768,688,764,0,0,0,483952,81312,245760,3180,131512,
1421970923811965,1011,62,47241,52062,1002,343,344726,57062,1805,46,56396,60437,1803,125,168945,60500,2518,31,157226,53500,1507,515,800781,53500,1802,31,56457,55750,1004,31,31433,55750,3296,234,772460,61000,2510,31,78247,61000,967904,747548,878592,12116,121000,0,135700,61752,64364,168,71336,61584,8,0,205536,164440,762368,583108,0,0,48,844,64388,9632,188,17280,12512,4768,688,764,0,0,0,483952,81312,245760,3180,131512,
1421970925886707,1009,46,63110,52062,1002,328,344726,57000,1796,31,56396,60437,1803,125,225585,60437,2520,62,118164,53500,1506,500,752929,53500,1799,31,56457,55750,1004,31,31433,55750,3294,203,668945,61000,2507,31,78491,61000,967904,747580,878624,12116,121008,0,135700,61752,64364,168,71336,61584,8,0,205536,164440,762368,583140,0,0,56,0,64388,9632,188,17272,12512,4760,688,764,0,0,0,483952,81312,245760,3180,131512,
1421970927962574,1011,62,63354,52062,1004,343,345214,57000,1808,31,56213,60375,1802,93,168945,60437,2518,31,78613,53500,1503,515,776367,53500,1803,31,56274,55750,1003,31,31372,55750,3292,171,617187,61000,2509,31,78613,61000,967904,747580,878624,12124,121008,0,135700,61752,64364,168,71336,61584,8,0,205536,164440,762368,583140,0,0,64,0,64388,9632,188,17276,12512,4764,688,764,0,0,0,483952,81312,245760,3180,131512,
1421970930034938,1009,93,79101,52062,1003,343,345214,57062,1805,31,56457,60437,1803,93,169189,60437,2509,31,78369,53500,1506,515,777343,53500,1796,31,56335,55750,1004,31,31372,55812,3296,203,668945,61000,2510,31,78491,61000,967904,747588,878648,12124,121008,0,136092,61760,64748,168,71344,61592,8,0,205536,164440,762368,583148,0,0,64,0,64784,9632,188,17248,12512,4736,688,764,0,0,0,483952,81312,245760,3180,131512,
1421970932110031,1009,78,63110,52062,1003,328,345214,57062,1806,31,56396,60437,1801,109,225830,60437,2509,31,78247,53562,1506,515,776367,53500,1802,31,56213,55750,1005,31,31311,55750,3292,171,617187,61000,2509,31,78491,61000,967904,747872,878932,12124,121016,0,135620,61760,64276,168,71344,61592,8,0,205536,164656,762368,583216,0,0,72,0,64256,9632,188,17248,12512,4736,688,764,0,0,0,483952,81312,245760,3180,131512,
1421970934183188,1009,78,78979,52062,1002,343,360839,57062,1802,31,56396,60437,1801,109,197021,60437,2518,31,78735,53500,1504,500,753906,53500,1803,31,56396,55750,1006,31,31433,55750,3290,187,669921,61000,2509,31,78613,61000,967904,747952,879024,12132,121016,0,135928,61768,64576,168,71352,61600,8,0,205536,164680,762368,583272,0,0,76,0,64588,9632,188,17228,12508,4720,688,764,0,0,0,483952,81312,245760,3180,131512,
1421970936257838,1010,62,78979,52062,1002,359,360839,57062,1805,31,56457,60437,1801,93,196777,60437,2520,62,78735,53500,1506,484,753906,53500,1802,31,56396,55750,1004,31,31372,55750,3287,187,617187,61000,2515,31,78491,61000,967904,747892,878964,12132,121016,0,135864,61768,64512,168,71352,61600,8,0,205536,164620,762368,583272,0,0,76,0,64524,9632,188,17228,12508,4720,688,764,0,0,0,483952,81312,245760,3180,131512,
1421970938332010,1006,62,78979,52062,1003,343,343261,57062,1805,31,56396,60437,1799,93,169189,60437,2513,31,157226,53500,1506,500,753906,53500,1801,31,56335,55750,1005,31,31372,55750,3290,187,566406,61000,2516,31,78369,61000,967904,747860,878928,12140,121016,0,135896,61768,64544,168,71352,61600,8,0,205536,164620,762368,583240,0,0,84,0,64572,9632,188,17212,12504,4708,688,764,0,0,0,483952,81312,245760,3180,131512,
1421970940413682,1009,62,63232,52000,1002,343,329101,57000,1805,31,56518,60437,1802,109,197265,60437,2504,31,78369,53500,1505,500,752929,53500,1795,31,56396,55750,1004,31,31372,55750,3292,203,668945,61000,2508,31,78491,61000,967904,747736,878820,12140,121024,0,135904,61776,64544,168,71360,61608,8,0,205536,164620,762368,583116,0,0,84,0,64564,9632,188,17212,12504,4708,688,764,0,0,0,483952,81312,245760,3180,131512,
1421970942489457,1005,78,63232,52062,1003,328,345214,57000,1806,31,56518,60437,1801,109,168945,60437,2516,46,78735,53500,1504,484,752929,53500,1801,31,56396,55750,1004,31,31433,55750,3295,203,668945,61000,2513,31,78369,61000,967904,747768,878852,12140,121024,0,135904,61776,64544,168,71360,61608,8,0,205536,164620,762368,583148,0,0,84,0,64564,9632,188,17208,12504,4704,688,764,0,0,0,483952,81312,245760,3180,131512,
1421970944563683,1007,78,63232,52062,1002,359,345214,57000,1803,31,56518,60437,1801,109,168701,60437,2519,31,78735,53500,1506,500,752929,53500,1801,31,56396,55750,1003,31,31433,55750,3296,171,617187,61000,2513,31,78613,61000,967904,747760,878868,12148,121032,0,135912,61784,64544,168,71368,61616,8,0,205536,164620,762368,583140,0,0,68,0,64556,9632,188,17224,12512,4712,688,764,0,0,0,483952,81312,245760,3180,131512,
1421970946638647,1007,78,62988,52000,1002,359,345214,57000,1803,31,56396,60437,1799,109,141113,60500,2520,31,78613,53500,1506,484,729492,53500,1798,31,56335,55750,1003,31,31433,55750,3290,187,617187,61000,2509,31,78491,61000,967904,747760,878868,12148,121032,0,135912,61784,64544,168,71368,61616,8,0,205536,164620,762368,583140,0,0,68,0,64556,9632,188,17220,12512,4708,688,764,0,0,0,483952,81312,245760,3180,131512,
1421970948712947,1010,46,63232,52000,1002,328,345214,57000,1805,31,56457,60437,1802,109,196777,60437,2518,31,118041,53500,1506,484,753906,53500,1802,31,56396,55750,1001,31,31372,55750,3288,187,566406,61000,2515,31,78369,61000,967904,747760,878876,12156,121040,0,135912,61792,64544,168,71368,61624,8,0,205536,164620,762368,583140,0,0,76,0,64556,9632,188,17220,12512,4708,688,764,0,0,0,483952,81312,245760,3180,131512,
1421970950804629,1010,62,78979,52000,1002,359,344726,57000,1803,31,56274,60437,1803,93,168945,60437,2516,31,78857,53500,1506,500,775390,53500,1801,31,56213,55750,1004,31,31372,55750,3295,171,617187,61000,2507,31,78613,61062,967904,754256,885376,12156,121032,0,129388,61856,58084,168,71304,61688,8,0,205536,165940,762368,588316,0,0,120,0,58116,9236,188,17240,12516,4724,688,780,0,0,0,483952,73648,245760,3180,131512,
1421970952877362,1009,78,63110,52000,1006,328,361328,57000,1799,31,56457,60437,1794,109,168457,60437,2516,31,78613,53562,1506,500,752929,53500,1806,31,56396,55750,1004,31,31372,55750,3291,218,668945,61000,2513,31,78613,61000,967904,748260,879404,12160,121052,0,135536,61840,64192,168,71344,61672,8,0,205536,164500,762368,583760,0,0,148,0,64204,9300,188,17240,12516,4724,688,764,0,0,0,483952,81496,245760,3180,131512,
1421970954949782,1010,62,78735,52000,1003,328,312500,57000,1806,31,56457,60437,1799,109,168945,60437,2508,31,117309,53562,1507,500,752929,53500,1802,31,56396,55750,1004,31,31433,55750,3294,187,668945,61000,2513,31,78491,61062,967904,748128,879280,12164,121056,0,135580,61848,64236,168,71344,61680,8,0,205536,164500,762368,583628,0,0,116,0,64228,9352,188,17248,12516,4732,688,764,0,0,0,483952,81496,245760,3180,131512,
1421970957024192,1009,46,62988,52000,1004,343,343750,57000,1805,31,56457,60375,1798,93,168945,60437,2519,31,78735,53562,1505,500,753906,53500,1805,31,56274,55812,1003,31,31433,55812,3288,203,719726,61062,2510,31,78491,61062,967904,759416,889596,12164,120084,0,123788,61852,53420,168,70368,61684,8,0,205536,166756,762368,592660,0,0,64,0,53408,8160,188,17280,12516,4764,720,736,0,0,0,483952,68764,245760,3180,131512,
1421970959096852,1009,62,63110,52062,1002,343,360351,57000,1802,31,56457,60375,1798,109,197265,60437,2516,62,78735,53562,1507,500,751953,53500,1803,31,56396,55750,1001,31,31372,55812,3291,171,617187,61000,2509,31,78491,61000,967904,751436,881904,12172,120368,0,131604,61904,61000,168,70604,61736,8,0,205536,165220,762368,586216,0,0,360,0,61040,10324,188,17312,12516,4796,688,752,0,0,0,483952,81584,245760,3180,131512,
1421970961168977,1009,62,78979,52062,1006,328,345214,57000,1805,31,56213,60375,1802,125,196777,60500,2516,31,78735,53562,1504,500,752929,53500,1805,31,56396,55750,1005,31,31433,55750,3291,187,617187,61062,2513,31,78613,61062,967904,747772,878244,12172,120368,0,134628,61868,63984,168,70644,61700,8,0,205536,164200,762368,583572,0,0,360,0,63964,10360,188,17312,12516,4796,688,764,0,0,0,483952,83556,245760,3180,131512,
1421970963242872,1011,93,94360,52062,1002,343,345703,57000,1796,31,56396,60437,1799,93,197265,60437,2518,46,118041,53500,1506,515,776367,53500,1801,31,56335,55812,1003,31,31372,55812,3290,171,618164,61062,2509,31,78369,61062,967904,744088,874564,12180,120364,0,138904,61864,68252,168,70652,61696,8,0,205536,163420,762368,580668,0,0,364,0,68304,10424,188,17304,12516,4788,688,768,0,0,0,483952,88824,245760,3180,131512,
1421970965315955,1010,62,62988,52000,1002,359,359863,57000,1802,31,56335,60375,1802,109,168701,60437,2515,31,78735,53500,1507,515,776367,53500,1802,31,56457,55750,1004,31,31433,55812,3295,187,566406,61062,2509,31,78491,61062,967904,743716,874204,12180,120380,0,139300,61872,68644,168,70656,61704,8,0,205536,163420,762368,580296,0,0,384,0,68660,10424,188,17304,12516,4788,688,768,0,0,0,483952,89120,245760,3180,131512,
1421970967388541,1008,78,62988,52000,999,328,344238,57000,1803,31,56396,60375,1798,109,168212,60437,2518,62,78735,53500,1507,531,752929,53500,1802,31,56274,55750,1003,31,31372,55750,3294,203,668945,61062,2507,31,78491,61062,967904,747660,878156,12180,120384,0,134660,61872,63996,168,70664,61704,8,0,205536,164140,762368,583520,0,0,388,0,63976,10424,188,17284,12516,4768,688,768,0,0,0,483952,85020,245760,3180,131512,
1421970969461440,1011,62,47363,52000,1003,328,312988,57000,1803,31,56396,60375,1798,109,197265,60437,2519,31,78613,53500,1504,546,776367,53500,1801,31,56335,55750,1002,31,31372,55812,3292,187,564453,61062,2515,31,78369,61062,967904,754360,884748,12188,120276,0,128876,61880,58320,168,70556,61712,8,0,205536,165880,762368,588480,0,0,280,0,58336,9360,188,17280,12508,4772,688,748,0,0,0,483952,73872,245760,3180,131512,
1421970971534542,1010,62,63232,52062,1004,343,358886,57000,1805,31,56396,60437,1795,109,168945,60437,2518,62,78613,53500,1504,515,776367,53500,1803,31,56274,55750,1005,31,31433,55750,3295,171,617187,61062,2512,31,78369,61062,967904,751408,881800,12188,120280,0,131680,61880,61120,168,70560,61712,8,0,205536,165160,762368,586248,0,0,284,0,61148,9360,188,17280,12508,4772,688,752,0,0,0,483952,78420,245760,3180,131512,
1421970973615644,1012,62,63110,52062,998,343,329101,57062,1799,31,56457,60437,1802,109,168701,60437,2518,31,78735,53500,1506,484,753906,53500,1803,31,56396,55750,1002,31,31372,55750,3295,187,667968,61062,2508,31,78491,61062,967904,748880,879284,12196,120288,0,134296,61888,63728,168,70568,61720,8,0,205536,164740,762368,584140,0,0,292,0,63712,9360,188,17256,12504,4752,688,756,0,0,0,483952,80460,245760,3180,131512,
1421970975688985,1009,78,78857,52062,1004,343,345214,57062,1808,31,56213,60437,1794,78,169189,60500,2518,46,78735,53500,1506,500,753906,53500,1796,31,56396,55750,1004,31,31433,55812,3292,171,618164,61062,2510,31,78491,61000,967904,750976,882356,12196,121264,0,132120,61888,60576,168,71544,61720,8,0,205536,165100,762368,585876,0,0,1268,0,60584,9360,188,17256,12504,4752,688,848,0,0,0,483952,115504,245760,3180,131512,
1421970977763248,1009,62,78979,52062,1003,359,360351,57062,1808,31,56213,60437,1803,93,168945,60500,2510,31,78369,53500,1506,500,752929,53500,1799,31,56335,55812,1003,31,31372,55812,3292,203,565429,61062,2509,31,78613,61000,967904,741992,873372,12196,121264,0,141244,61888,69700,168,71544,61720,8,0,205536,163060,762368,578932,0,0,1268,0,69684,9360,188,17228,12504,4724,688,768,0,0,0,483952,87508,245760,3180,131512,
1421970979836442,1010,62,47363,52062,998,343,343261,57000,1802,31,56335,60437,1802,125,225585,60437,2512,46,235107,53562,1506,500,776367,53500,1803,31,56335,55812,1004,31,31372,55812,3292,203,617187,61000,2513,31,78491,61062,967904,741620,873008,12204,121264,0,141608,61896,70064,168,71544,61728,8,0,205536,163060,762368,578560,0,0,1268,0,70088,9360,188,17228,12504,4724,688,772,0,0,0,483952,87508,245760,3180,131512,
1421970981909839,1011,78,63110,52062,1002,343,344238,57000,1802,31,56396,60437,1805,109,197265,60437,2518,31,78491,53562,1507,500,776367,53500,1803,31,56213,55812,1005,31,31372,55812,3290,171,566406,61062,2512,31,78491,61062,967904,741224,872612,12204,121264,0,141932,61896,70388,168,71544,61728,8,0,205536,162820,762368,578404,0,0,1268,0,70444,9360,188,17200,12504,4696,688,772,0,0,0,483952,87508,245760,3180,131512,
1421970983983181,1010,62,63110,52000,1002,328,329101,57000,1802,31,56213,60437,1805,109,168701,60500,2513,31,78735,53562,1505,500,751953,53500,1802,31,56518,55750,1002,31,31433,55812,3298,187,618164,61062,2510,31,78369,61062,967904,740756,872152,12204,121264,0,142376,61896,70832,168,71544,61728,8,0,205536,162700,762368,578056,0,0,1240,0,70864,9360,188,17216,12512,4704,688,772,0,0,0,483952,87508,245760,3180,131512,
1421970986056799,1009,62,63110,52000,1002,343,344238,57000,1802,31,56396,60437,1802,125,168945,60500,2518,31,78613,53562,1507,515,776367,53500,1803,31,56396,55812,1004,31,31372,55750,3290,187,617187,61062,2513,31,78369,61062,967904,740388,871784,12204,121264,0,142784,61896,71240,168,71544,61728,8,0,205536,162580,762368,577808,0,0,1240,0,71308,9360,188,17216,12512,4704,688,772,0,0,0,483952,89452,245760,3180,131512,
1421970988130823,1009,62,78735,52062,1002,375,376953,57000,1803,31,56457,60437,1802,109,197509,60437,2516,31,118041,53500,1506,515,775390,53500,1801,31,56274,55750,1004,31,31433,55750,3292,203,566406,61000,2510,31,78491,61000,967904,739900,871296,12212,121256,0,143248,61896,71704,168,71544,61728,8,0,205536,162340,762368,577560,0,0,1140,0,71652,9360,188,17216,12512,4704,688,772,0,0,0,483952,89452,245760,3180,131512,
1421970990204367,1004,62,62988,52062,1005,359,359863,57000,1806,46,56396,60437,1799,93,197021,60437,2510,31,117797,53500,1504,500,776367,53500,1805,31,56396,55750,1004,31,31372,55750,3292,187,565429,61062,2508,31,78491,61000,967904,739528,870932,12212,121264,0,143692,61904,72148,168,71544,61736,8,0,205536,162340,762368,577188,0,0,1136,0,72172,9360,188,17216,12512,4704,688,776,0,0,0,483952,89452,245760,3180,131512,
1421970992277524,1009,78,94726,52000,1002,328,345214,57000,1806,31,56396,60437,1805,125,197021,60437,2516,31,78613,53500,1506,500,752929,53500,1803,31,56396,55750,1003,31,31372,55750,3294,218,720703,61000,2510,31,78491,61000,967904,739720,871124,12212,121264,0,143592,61904,72048,168,71544,61736,8,0,205536,162160,762368,577560,0,0,1136,0,72032,9360,188,17216,12512,4704,688,776,0,0,0,483952,89452,245760,3180,131512,
1421970994353004,1009,62,78857,52000,1004,343,329101,56937,1803,31,56396,60375,1801,109,197021,60437,2513,31,78613,53562,1505,500,752929,53500,1805,31,56457,55750,1004,31,31372,55750,3291,187,666992,61000,2507,31,78491,61000,967904,745932,877344,12212,121280,0,136544,61904,64992,168,71552,61736,8,0,205536,163660,762368,582272,0,0,1132,0,64972,9488,188,17216,12512,4704,688,764,0,0,0,483952,84108,245760,3180,131512,
1421970996434787,1010,78,78979,52000,1000,312,329101,57000,1805,31,56396,60375,1798,109,197021,60437,2516,46,78613,53500,1504,484,752929,53500,1806,31,56213,55750,1004,31,31433,55750,3296,203,617187,61062,2513,31,78369,61000,967904,745932,877344,12212,121288,0,136544,61904,64992,168,71552,61736,8,0,205536,163660,762368,582272,0,0,1140,0,64972,9488,188,17216,12512,4704,688,764,0,0,0,483952,84108,245760,3180,131512,
1421970998510286,1009,46,63110,52000,1004,343,345214,57000,1798,31,56213,60375,1801,109,196777,60437,2519,46,78735,53500,1505,500,752929,53500,1802,31,56396,55750,1002,31,31372,55750,3292,171,616210,61062,2509,31,78491,61000,967904,745932,877352,12220,121296,0,136544,61912,64992,168,71552,61744,8,0,205536,163660,762368,582272,0,0,988,0,64972,9588,188,17216,12512,4704,688,764,0,0,0,483952,84108,245760,3180,131512,
1421971000585783,1009,62,78979,52062,1002,343,345214,57000,1808,31,56457,60375,1798,125,169189,60437,2519,31,117797,53562,1506,500,752929,53500,1805,31,56335,55750,1002,31,31372,55750,3292,187,616210,61000,2515,31,78491,61062,967904,745932,877352,12220,121296,0,136544,61912,64992,168,71552,61744,8,0,205536,163660,762368,582272,0,0,988,0,64972,9612,188,17216,12512,4704,688,764,0,0,0,483952,84108,245760,3180,131512,
1421971002662037,1009,62,47302,52062,1001,343,375488,57000,1802,31,56518,60375,1796,93,197265,60437,2518,31,78735,53562,1504,484,752929,53500,1802,31,56213,55750,1004,31,31311,55750,3290,187,617187,61000,2515,31,78491,61000,967904,745932,877356,12228,121304,0,136544,61920,64992,168,71552,61752,8,0,205536,163660,762368,582272,0,0,996,0,64972,9612,188,17212,12508,4704,688,764,0,0,0,483952,84108,245760,3180,131512,
1421971004737646,1010,62,94726,52000,1004,343,344726,57000,1801,31,56091,60375,1799,109,196777,60437,2515,62,78735,53562,1506,515,776367,53500,1802,31,56335,55750,1003,31,31433,55812,3294,187,617187,61000,2513,31,78491,61000,967904,742164,873640,12228,121324,0,141056,61932,69464,168,71592,61764,8,0,205536,163240,762368,578924,0,0,1016,0,69532,9612,188,17216,12508,4708,688,772,0,0,0,483952,87080,245760,3180,131512,
1421971006810840,1007,62,63110,52000,1002,328,328125,57000,1802,31,56335,60375,1795,93,225341,60375,2508,31,78369,53562,1506,500,752929,53562,1805,31,56396,55750,1002,31,31372,55750,3292,203,669921,61000,2510,31,78369,61000,967904,741496,872972,12228,121324,0,141628,61932,70036,168,71592,61764,8,0,205536,163060,762368,578436,0,0,1016,0,70116,9612,188,17208,12508,4700,688,772,0,0,0,483952,87080,245760,3180,131512,
1421971008884108,1010,78,63232,52000,1004,343,358886,57000,1805,46,56396,60375,1799,93,197021,60375,2520,31,78613,53562,1505,515,753906,53562,1799,31,56396,55750,1004,31,31372,55750,3298,218,669921,61000,2509,31,78613,61000,967904,741000,872488,12236,121324,0,142144,61940,70552,168,71592,61772,8,0,205536,162820,762368,578180,0,0,84,944,70540,9612,188,17220,12512,4708,688,772,0,0,0,483952,87080,245760,3180,131512,
1421971010957284,1009,62,63232,52000,1002,343,359375,57000,1805,31,56518,60375,1795,109,197021,60375,2509,31,78369,53562,1505,515,776367,53500,1801,31,56457,55750,1004,31,31372,55750,3294,203,667968,61000,2505,31,78491,61000,967904,740512,872000,12236,121324,0,142560,61940,70968,168,71592,61772,8,0,205536,162580,762368,577932,0,0,84,0,71048,9612,188,17216,12512,4704,688,776,0,0,0,483952,89060,245760,3180,131512,
1421971013029888,1011,62,78857,52000,998,328,313476,57000,1806,31,56335,60375,1795,93,197021,60437,2516,31,157470,53562,1507,500,752929,53500,1804,31,56396,55750,1003,31,31311,55750,3291,203,617187,61000,2510,31,78613,61000,967904,740080,871568,12236,121324,0,143132,61940,71540,168,71592,61772,8,0,205536,162520,762368,577560,0,0,84,0,71560,9612,188,17216,12512,4704,688,776,0,0,0,483952,89060,245760,3180,131512,
1421971015102750,1009,62,47363,52062,1003,343,314453,57000,1799,31,56396,60375,1801,109,225341,60437,2516,46,78613,53562,1504,500,753906,53500,1796,31,56396,55750,1004,31,31433,55750,3292,203,719726,61000,2513,31,78491,61000,967904,740032,871524,12244,121324,0,142756,61948,71164,168,71592,61780,8,0,205536,162340,762368,577692,0,0,84,0,71144,9612,188,17204,12508,4696,688,772,0,0,0,483952,89060,245760,3180,131512,
1421971017185511,1009,62,63110,52062,1004,343,359863,57000,1806,31,56518,60375,1801,109,197021,60375,2518,31,78735,53562,1505,500,751953,53500,1801,31,56213,55750,1001,31,31433,55750,3291,187,617187,61000,2510,31,78369,61000,967904,740032,871524,12244,121324,0,142832,61948,71240,168,71592,61780,8,0,205536,162340,762368,577692,0,0,84,0,71256,9612,188,17204,12508,4696,688,772,0,0,0,483952,89060,245760,3180,131512,
1421971019260161,1012,78,78857,52000,1004,343,359863,57000,1805,31,56396,60312,1805,93,168701,60375,2516,31,117919,53562,1506,515,777343,53500,1801,31,56396,55750,1004,31,31433,55750,3291,203,668945,61000,2512,31,78369,61000,967904,740032,871524,12244,121324,0,142832,61948,71240,168,71592,61780,8,0,205536,162340,762368,577692,0,0,48,0,71256,9612,188,17204,12508,4696,688,772,0,0,0,483952,89060,245760,3180,131512,
1421971021334645,1009,78,63232,52000,1004,343,328125,57000,1798,31,56457,60375,1803,93,169189,60375,2515,46,78613,53500,1506,515,776367,53500,1803,31,56335,55750,1004,31,31433,55750,3291,203,667968,61062,2512,31,78491,61062,967904,740032,871532,12252,121324,0,142832,61956,71240,168,71592,61788,8,0,205536,162340,762368,577692,0,0,52,0,71256,9612,188,17204,12508,4696,688,772,0,0,0,483952,89060,245760,3180,131512,
1421971023410273,1010,62,94726,52000,1001,328,360351,57000,1806,31,56396,60375,1802,109,196289,60375,2518,46,197021,53500,1506,484,752929,53500,1806,31,56396,55750,1002,31,31372,55750,3296,187,668945,61062,2505,31,78491,61062,967904,740024,871528,12252,121324,0,142832,61956,71240,168,71592,61788,8,0,205536,162340,762368,577684,0,0,40,0,71256,9612,188,17220,12512,4708,688,772,0,0,0,483952,89060,245760,3180,131512,
1421971025484665,1009,78,78979,52000,1004,359,344238,57000,1805,31,56457,60437,1803,109,168945,60437,2512,31,78613,53500,1506,500,776367,53500,1803,31,56396,55750,1004,31,31433,55750,3294,187,667968,61062,2513,31,78613,61000,967904,740024,871536,12260,121324,0,142832,61964,71240,168,71592,61796,8,0,205536,162340,762368,577684,0,0,52,0,71256,9612,188,17220,12512,4708,688,772,0,0,0,483952,89060,245760,3180,131512,
1421971027560587,1012,78,78613,52000,1003,343,345214,57000,1802,31,56396,60437,1802,93,169189,60437,2518,31,78613,53500,1505,500,752929,53500,1803,31,56213,55750,1004,31,31372,55750,3291,203,668945,61000,2515,31,78735,61000,967904,739992,871504,12260,121324,0,142832,61964,71240,168,71592,61796,8,0,205536,162340,762368,577652,0,0,52,0,71256,9612,188,17220,12512,4708,688,772,0,0,0,483952,89060,245760,3180,131512,
1421971029635808,1009,62,63110,52062,1004,359,360351,57000,1803,31,56396,60375,1803,93,168212,60437,2515,31,78735,53562,1506,515,776367,53500,1802,31,56396,55812,1004,31,31372,55750,3288,187,618164,61000,2508,31,78491,61000,967904,740032,871544,12260,121324,0,142832,61964,71240,168,71592,61796,8,0,205536,162340,762368,577692,0,0,52,0,71256,9612,188,17212,12512,4700,688,772,0,0,0,483952,89060,245760,3180,131512,
1421971031711638,1010,62,47363,52062,1004,343,344726,57000,1805,31,56396,60437,1805,93,168457,60437,2518,78,78613,53562,1507,500,752929,53500,1803,31,56457,55812,1003,31,31372,55812,3291,171,667968,61000,2512,31,78613,61000,967904,740032,871552,12268,121324,0,142832,61972,71240,168,71592,61804,8,0,205536,162340,762368,577692,0,0,52,0,71256,9612,188,17212,12512,4700,688,772,0,0,0,483952,89060,245760,3180,131512,
1421971033786565,1009,62,62988,52062,1004,359,345214,57000,1803,31,56396,60375,1802,140,197021,60437,2519,31,117919,53562,1507,500,776367,53500,1805,31,56335,55750,1005,31,31311,55812,3294,171,616210,61000,2509,31,78369,61000,967904,740024,871544,12268,121324,0,142832,61972,71240,168,71592,61804,8,0,205536,162340,762368,577684,0,0,28,0,71256,9612,188,17216,12512,4704,688,772,0,0,0,483952,89060,245760,3180,131512,
1421971036988139,1010,78,63110,52062,1006,375,375976,57000,1805,31,56396,60437,1802,109,168945,60437,2521,31,78735,53562,1506,515,776367,53500,1803,31,56335,55750,1004,31,31372,55812,3287,203,668945,61062,2510,31,78369,61000,967904,739532,871076,12276,121340,0,143860,61988,72260,168,71600,61820,8,0,205536,162220,762368,577312,0,0,56,0,72328,9612,188,17296,12512,4784,688,776,0,0,0,483952,89060,245760,3180,131512,
1421971039065776,1007,78,62988,52062,1000,343,345214,57000,1809,31,56396,60437,1795,93,168701,60437,2516,31,78735,53562,1502,515,776367,53500,1803,31,56396,55812,1004,31,31372,55812,3295,203,617187,61062,2510,31,78369,61000,967904,741476,873020,12276,121340,0,141376,61984,69772,168,71604,61816,8,0,205536,162460,762368,579016,0,0,56,0,69752,9612,188,17304,12512,4792,688,772,0,0,0,483952,89060,245760,3180,131512,
1421971041145144,1010,62,78979,52062,1004,359,344726,57000,1808,31,56457,60437,1798,93,168945,60437,2516,46,78735,53562,1506,500,753906,53500,1799,31,56335,55812,1003,31,31372,55812,3291,187,617187,61062,2509,31,78491,61000,967904,741136,872680,12276,121340,0,142228,61984,70624,168,71604,61816,8,0,205536,162460,762368,578676,0,0,44,0,70616,9612,188,17304,12512,4792,688,776,0,0,0,483952,89060,245760,3180,131512,
1421971043220642,1009,62,63232,52062,1003,328,345214,57000,1802,31,56457,60375,1801,109,197265,60437,2508,31,78369,53562,1507,500,753906,53500,1803,31,56335,55750,1003,31,31372,55812,3295,203,667968,61062,2510,31,78491,61062,967904,741136,872688,12284,121340,0,142236,61992,70632,168,71604,61824,8,0,205536,162460,762368,578676,0,0,48,0,70632,9612,188,17284,12512,4772,688,776,0,0,0,483952,89060,245760,3180,131512,
1421971045295403,1012,62,62988,52000,1004,328,345214,57000,1801,31,56335,60437,1802,125,225585,60437,2518,31,117797,53562,1507,500,777343,53500,1801,31,56274,55750,1003,31,31372,55750,3291,203,566406,61062,2513,31,78613,61000,967904,741136,872688,12284,121340,0,142236,61992,70632,168,71604,61824,8,0,205536,162460,762368,578676,0,0,48,0,70632,9612,188,17284,12512,4772,688,776,0,0,0,483952,89060,245760,3180,131512,
1421971047370994,1009,62,62988,52000,1002,328,360839,57000,1805,31,56396,60437,1801,109,196289,60437,2518,31,78613,53562,1506,515,776367,53500,1801,31,56274,55750,1004,31,31372,55750,3299,187,565429,61062,2512,31,78491,61000,967904,741112,872668,12292,121340,0,142236,62000,70632,168,71604,61832,8,0,205536,162460,762368,578652,0,0,48,0,70632,9612,188,17248,12508,4740,688,776,0,0,0,483952,89060,245760,3180,131512,
1421971049446104,1010,78,62988,52000,1001,312,312988,57000,1806,31,56335,60375,1799,93,169433,60437,2521,46,78735,53562,1507,515,776367,53500,1802,31,56396,55750,1004,31,31372,55750,3288,203,617187,61062,2507,31,78369,61000,967904,741144,872700,12292,121340,0,142236,62000,70632,168,71604,61832,8,0,205536,162460,762368,578684,0,0,48,0,70632,9612,188,17228,12508,4720,688,776,0,0,0,483952,89060,245760,3180,131512,
1421971051520571,1010,78,63232,52000,1001,343,328613,57000,1802,31,56396,60375,1806,109,168457,60437,2515,46,78735,53500,1506,500,753906,53500,1805,31,56396,55750,1002,31,31372,55750,3296,187,565429,61000,2512,31,78613,61062,967904,741144,872700,12292,121340,0,142236,62000,70632,168,71604,61832,8,0,205536,162460,762368,578684,0,0,48,0,70632,9612,188,17228,12508,4720,688,776,0,0,0,483952,89060,245760,3180,131512,
1421971053596253,1008,46,79101,52062,1002,328,344726,57000,1805,31,56457,60375,1792,109,197265,60437,2516,31,157470,53562,1506,500,753906,53500,1796,31,56396,55812,1004,31,31372,55750,3290,187,617187,61062,2513,31,78491,61000,967904,741144,872708,12300,121340,0,142236,62008,70632,168,71604,61840,8,0,205536,162460,762368,578684,0,0,28,0,70632,9612,188,17216,12508,4708,688,776,0,0,0,483952,89060,245760,3180,131512,
1421971055671585,1010,46,63110,52062,1004,359,344726,57062,1808,31,56213,60375,1802,125,224853,60437,2510,31,78735,53562,1507,484,752929,53500,1802,31,56274,55750,1004,31,31372,55750,3291,203,668945,61000,2510,31,78735,61062,967904,741144,872708,12300,121340,0,142236,62008,70632,168,71604,61840,8,0,205536,162460,762368,578684,0,0,28,0,70632,9612,188,17216,12508,4708,688,776,0,0,0,483952,89060,245760,3180,131512,
1421971057746696,1011,62,78857,52062,1000,359,345214,57062,1805,31,56396,60375,1802,93,197021,60375,2516,46,157226,53562,1503,515,752929,53500,1802,31,56396,55750,1003,31,31372,55750,3290,171,617187,61000,2505,31,78369,61000,967904,741144,872704,12300,121340,0,142236,62008,70632,168,71604,61840,8,0,205536,162460,762368,578684,0,0,28,0,70632,9612,188,17212,12504,4708,688,776,0,0,0,483952,89060,245760,3180,131512,
1421971059822047,1009,62,47180,52062,1002,343,330078,57000,1805,31,56396,60375,1801,125,197265,60437,2512,31,78735,53562,1505,500,752929,53500,1801,31,56335,55750,1004,31,31372,55750,3291,187,617187,61000,2512,31,78613,61000,967904,741144,872712,12308,121340,0,142236,62016,70632,168,71604,61848,8,0,205536,162460,762368,578684,0,0,28,0,70632,9612,188,17212,12504,4708,688,776,0,0,0,483952,89060,245760,3180,131512,
1421971061898835,1010,78,62866,52062,1005,359,376464,57000,1806,31,56457,60375,1794,125,225097,60437,2513,31,78735,53562,1506,500,729492,53500,1801,31,56396,55750,1004,31,31372,55750,3294,203,617187,61062,2515,31,78491,61062,967904,741484,873052,12308,121340,0,141320,62016,69716,168,71604,61848,8,0,205536,162460,762368,579024,0,0,28,0,69696,9612,188,17212,12504,4708,688,772,0,0,0,483952,89060,245760,3180,131512,
1421971063981448,1010,78,94726,52062,1000,328,328125,57000,1805,46,56396,60375,1798,109,168945,60437,2518,62,78613,53562,1506,500,753906,53500,1805,31,56274,55750,1004,31,31372,55750,3291,187,616210,61062,2510,31,78491,61000,967904,741516,873084,12316,121332,0,141320,62016,69716,168,71604,61848,8,0,205536,162460,762368,579056,0,0,28,0,69696,9612,188,17212,12504,4708,688,772,0,0,0,483952,89060,245760,3180,131512,
1421971066055619,1009,78,78735,52062,1002,359,375976,57000,1806,31,56213,60375,1795,125,224365,60437,2519,31,78735,53562,1506,500,729492,53500,1802,31,56457,55750,1003,31,31433,55750,3292,203,668945,61062,2509,31,78491,61000,967904,741516,873092,12316,121340,0,141320,62024,69716,168,71604,61856,8,0,205536,162460,762368,579056,0,0,32,0,69696,9612,188,17212,12504,4708,688,772,0,0,0,483952,89060,245760,3180,131512,
1421971068130048,1011,78,63110,52062,1002,328,329589,57062,1805,31,56396,60375,1802,109,197265,60437,2519,46,118041,53562,1505,500,753906,53500,1801,31,56457,55812,1003,31,31372,55812,3292,187,567382,61000,2509,31,78491,61000,967904,741516,873092,12316,121340,0,140976,62024,69372,168,71604,61856,8,0,205536,162460,762368,579056,0,0,32,0,69352,9612,188,17212,12504,4708,688,772,0,0,0,483952,89060,245760,3180,131512,
1421971070204957,1009,62,78735,52062,1004,359,343750,57062,1805,31,56396,60375,1802,93,197509,60375,2518,46,78613,53562,1505,515,776367,53500,1802,31,56213,55750,1004,31,31372,55750,3292,203,721679,61062,2513,31,78613,61062,967904,741500,873092,12324,121340,0,140976,62032,69372,168,71604,61864,8,0,205536,162460,762368,579040,0,0,24,0,69352,9612,188,17236,12512,4724,688,772,0,0,0,483952,89060,245760,3180,131512,
1421971072279754,1006,78,78979,52062,1004,359,329589,57000,1808,31,56274,60437,1805,109,168945,60375,2518,31,78613,53562,1505,515,777343,53500,1802,31,56335,55812,1004,31,31433,55812,3295,203,668945,61062,2513,31,78613,61062,967904,741500,873092,12324,121344,0,140976,62032,69372,168,71604,61864,8,0,205536,162460,762368,579040,0,0,28,0,69352,9612,188,17236,12512,4724,688,772,0,0,0,483952,89060,245760,3180,131512,
1421971074354700,1008,62,47424,52062,1003,328,345214,57000,1803,31,56396,60437,1801,93,197265,60437,2518,62,78613,53562,1507,500,752929,53500,1802,31,56396,55812,1004,31,31372,55812,3292,187,617187,61062,2509,31,78369,61062,967904,741516,873108,12324,121348,0,140976,62032,69372,168,71604,61864,8,0,205536,162460,762368,579056,0,0,32,0,69352,9612,188,17220,12512,4708,688,772,0,0,0,483952,89060,245760,3180,131512,
1421971076465698,1010,78,78857,52062,1004,343,344726,57062,1798,31,56396,60437,1795,93,168701,60437,2520,62,196533,53562,1505,500,728515,53500,1805,31,56274,55750,1004,31,31372,55812,3294,203,617187,61062,2516,31,78491,61062,967904,741516,873116,12332,121348,0,140976,62040,69372,168,71604,61872,8,0,205536,162460,762368,579056,0,0,32,0,69352,9612,188,17220,12512,4708,688,772,0,0,0,483952,89060,245760,3180,131512,
1421971078556532,1009,62,78857,52062,1004,359,329101,57062,1803,31,84716,60437,1799,109,196777,60500,2518,46,78735,53562,1507,515,752929,53500,1801,31,56213,55750,1003,31,31433,55750,3292,203,514648,61062,2512,31,78491,61062,967904,741516,873124,12332,121356,0,140976,62044,69368,168,71608,61876,8,0,205536,162460,762368,579056,0,0,44,0,69348,9612,188,17220,12512,4708,688,772,0,0,0,483952,89060,245760,3180,131512,
1421971080630629,1011,78,47241,52062,1004,312,329101,57062,1796,31,56457,60437,1802,109,197021,60437,2518,31,156982,53562,1507,500,753906,53500,1801,31,56396,55750,1003,31,31433,55750,3290,171,617187,61000,2515,31,78613,61062,967904,741484,873092,12340,121348,0,140976,62044,69368,168,71608,61876,8,0,205536,162460,762368,579024,0,0,44,0,69348,9612,188,17224,12512,4712,688,772,0,0,0,483952,89060,245760,3180,131512,
1421971082704579,1009,62,63110,52062,1001,343,360839,57062,1796,31,56335,60375,1798,93,224853,60437,2519,31,118041,53562,1505,515,752929,53500,1802,31,56335,55812,1004,31,31372,55750,3291,203,617187,61062,2507,31,78247,61062,967904,741516,873124,12340,121356,0,140976,62052,69368,168,71608,61884,8,0,205536,162460,762368,579056,0,0,44,0,69348,9612,188,17216,12504,4712,688,772,0,0,0,483952,89060,245760,3180,131512,
1421971084779008,1009,93,63232,52062,998,328,345214,57062,1805,31,56518,60437,1801,125,224853,60375,2518,31,78735,53562,1506,500,776367,53562,1805,31,56274,55750,1002,31,31372,55750,3292,203,668945,61062,2512,31,78491,61062,967904,741516,873124,12340,121356,0,140976,62052,69368,168,71608,61884,8,0,205536,162460,762368,579056,0,0,44,0,69348,9612,188,17216,12504,4712,688,772,0,0,0,483952,89060,245760,3180,131512,
1421971086853492,1010,62,78979,52062,1002,328,330078,57062,1805,31,56457,60375,1795,109,196533,60437,2520,46,157470,53562,1506,546,776367,53562,1802,31,56335,55750,1002,31,31372,55812,3285,171,617187,61062,2510,31,78613,61062,967904,741516,873124,12348,121348,0,140976,62052,69368,168,71608,61884,8,0,205536,162460,762368,579056,0,0,44,0,69348,9612,188,17216,12504,4712,688,772,0,0,0,483952,89060,245760,3180,131512,
1421971088928972,1010,62,62988,52062,1004,359,343261,57062,1799,31,56457,60375,1802,78,197021,60437,2520,46,78735,53562,1505,500,797851,53562,1805,31,56335,55750,1003,31,31372,55812,3294,187,668945,61000,2508,31,78491,61000,967904,741516,873132,12348,121356,0,140976,62060,69368,168,71608,61892,8,0,205536,162460,762368,579056,0,0,44,0,69348,9612,188,17216,12504,4712,688,772,0,0,0,483952,89060,245760,3180,131512,
1421971091001945,1009,62,78979,52062,1000,359,345703,57062,1805,31,56518,60375,1801,109,168457,60437,2518,31,78735,53562,1507,500,753906,53500,1805,31,56091,55812,1005,31,31311,55750,3292,187,668945,61062,2510,31,78491,61000,967904,741516,873132,12348,121356,0,140976,62060,69368,168,71608,61892,8,0,205536,162460,762368,579056,0,0,44,0,69348,9612,188,17212,12504,4708,688,772,0,0,0,483952,89060,245760,3180,131512,
1421971093075766,1009,62,63110,52062,1004,328,329101,57062,1803,31,56213,60437,1799,109,168701,60437,2515,31,78613,53562,1507,500,729492,53500,1805,31,56213,55812,1002,31,31372,55750,3296,187,618164,61000,2515,31,78491,61000,967904,741516,873132,12348,121356,0,140976,62060,69368,168,71608,61892,8,0,205536,162460,762368,579056,0,0,44,0,69348,9612,188,17212,12504,4708,688,772,0,0,0,483952,89060,245760,3180,131512,
1421971095150084,1010,78,94360,52062,1003,343,360839,57062,1803,31,84594,60375,1802,109,196777,60437,2518,31,118041,53562,1504,500,752929,53500,1803,31,56213,55750,1004,31,31372,55750,3291,203,669921,61000,2510,31,78369,61000,967904,741484,873108,12356,121356,0,140976,62068,69368,168,71608,61900,8,0,205536,162460,762368,579024,0,0,44,0,69348,9612,188,17212,12504,4708,688,772,0,0,0,483952,89060,245760,3180,131512,
1421971097223960,1009,78,63110,52062,1005,343,329101,57062,1806,31,56396,60375,1801,93,197265,60437,2518,31,117797,53562,1505,484,729492,53500,1802,31,56335,55812,1004,31,31372,55812,3290,171,565429,61000,2513,31,78491,61000,967904,741516,873140,12356,121356,0,140976,62068,69368,168,71608,61900,8,0,205536,162460,762368,579056,0,0,44,0,69348,9612,188,17212,12504,4708,688,772,0,0,0,483952,89060,245760,3180,131512,
1421971099298057,1006,62,78735,52062,1002,328,328613,57000,1806,31,56213,60375,1802,109,168945,60437,2519,31,157470,53562,1507,515,753906,53500,1799,31,56457,55812,1004,31,31433,55750,3295,218,668945,61000,2509,31,78613,61000,967904,741516,873140,12364,121348,0,140976,62068,69368,168,71608,61900,8,0,205536,162460,762368,579056,0,0,28,0,69348,9612,188,17212,12504,4708,688,772,0,0,0,483952,89060,245760,3180,131512,
1421971101380154,1009,62,79101,52062,1003,343,360351,57062,1799,31,56457,60437,1801,109,169189,60437,2521,31,118041,53562,1505,515,800781,53562,1803,31,56457,55812,1004,31,31372,55750,3298,187,462890,61000,2512,31,78613,61000,967904,741516,873148,12364,121356,0,140976,62076,69368,168,71608,61908,8,0,205536,162460,762368,579056,0,0,28,0,69348,9612,188,17212,12504,4708,688,772,0,0,0,483952,89060,245760,3180,131512,
1421971103455837,1011,93,63354,52062,1004,328,328125,57062,1802,31,56396,60375,1802,93,197265,60437,2519,31,78735,53562,1506,515,776367,53500,1803,31,56396,55750,1004,31,31311,55750,3292,203,566406,61000,2509,31,78613,61000,967904,741508,873148,12364,121356,0,140976,62076,69368,168,71608,61908,8,0,205536,162460,762368,579048,0,0,12,0,69348,9612,188,17228,12512,4716,688,772,0,0,0,483952,89060,245760,3180,131512,
1421971105529953,1009,62,63110,52062,1002,343,360351,57062,1796,31,56335,60375,1806,93,168945,60375,2520,31,157470,53562,1504,500,753906,53500,1805,31,56396,55750,1005,31,31372,55812,3292,187,618164,61000,2510,31,78491,61000,967904,741508,873156,12372,121356,0,140976,62084,69368,168,71608,61916,8,0,205536,162460,762368,579048,0,0,32,0,69348,9612,188,17228,12512,4716,688,772,0,0,0,483952,89060,245760,3180,131512,
1421971107604879,1010,93,78735,52062,1004,328,329101,57062,1806,31,56152,60375,1805,125,225585,60375,2509,31,117553,53562,1509,515,752929,53562,1805,31,56396,55750,1004,31,31372,55750,3294,187,566406,61000,2512,31,78491,61000,967904,741508,873156,12372,121356,0,140976,62084,69368,168,71608,61916,8,0,205536,162460,762368,579048,0,0,32,0,69348,9612,188,17228,12512,4716,688,772,0,0,0,483952,89060,245760,3180,131512,
1421971109679327,1010,62,62866,52062,1004,343,328613,57062,1803,31,56335,60375,1791,93,140869,60375,2508,31,78369,53562,1507,500,752929,53500,1799,31,56396,55812,1004,31,31372,55812,3291,171,567382,61000,2515,31,78369,61000,967904,741508,873160,12376,121356,0,140980,62084,69368,168,71612,61916,8,0,205536,162460,762368,579048,0,0,20,0,69348,9612,188,17228,12512,4716,688,772,0,0,0,483952,89060,245760,3180,131512,
1421971112853345,1010,93,62988,52062,1002,328,345214,57062,1808,31,56213,60375,1802,109,168701,60437,2520,31,78735,53562,1506,500,752929,53500,1802,31,56335,55812,1004,31,31372,55812,3294,171,566406,61000,2505,31,78369,61000,967904,741384,873044,12384,121356,0,140980,62092,69368,168,71612,61924,8,0,205536,162460,762368,578924,0,0,32,0,69348,9612,188,17296,12512,4784,688,772,0,0,0,483952,89060,245760,3180,131512,
1421971114889988,1009,78,63110,52062,1003,359,329101,57062,1796,31,56396,60437,1805,93,168945,60437,2515,46,78735,53562,1506,500,753906,53500,1803,31,56396,55812,1003,31,31372,55812,3291,171,565429,61000,2512,31,78491,61000,967904,741392,873052,12384,121356,0,140980,62092,69368,168,71612,61924,8,0,205536,162460,762368,578932,0,0,32,0,69348,9612,188,17288,12512,4776,688,772,0,0,0,483952,89060,245760,3180,131512,
1421971116964601,1008,78,47363,52062,1004,359,345214,57062,1806,31,56457,60375,1798,93,168945,60437,2519,31,78735,53562,1506,500,752929,53562,1805,31,56396,55812,1003,31,31433,55812,3298,187,617187,61000,2510,31,78613,61000,967904,741268,872936,12392,121356,0,140980,62100,69368,168,71612,61932,8,0,205536,162460,762368,578808,0,0,32,0,69348,9612,188,17288,12512,4776,688,772,0,0,0,483952,89060,245760,3180,131512,
1421971119040634,1011,62,63110,52062,1002,343,345214,57062,1805,31,56396,60437,1798,125,197265,60437,2518,31,78613,53562,1504,500,776367,53500,1801,31,56396,55812,1005,31,31372,55812,3287,187,617187,61000,2515,31,78613,61000,967904,741392,873052,12392,121356,0,140980,62100,69368,168,71612,61932,8,0,205536,162460,762368,578932,0,0,32,0,69348,9612,188,17260,12504,4756,688,772,0,0,0,483952,89060,245760,3180,131512,
1421971121115745,1011,62,78735,52062,1004,343,330078,57062,1806,31,84716,60437,1792,93,168701,60437,2519,31,78735,53562,1506,500,752929,53500,1801,31,56335,55812,1004,31,31372,55812,3288,203,565429,61000,2509,31,78369,61000,967904,741392,873060,12392,121364,0,140984,62104,69368,168,71616,61936,8,0,205536,162460,762368,578932,0,0,44,0,69348,9612,188,17260,12504,4756,688,772,0,0,0,483952,89060,245760,3180,131512,
1421971123191520,1007,78,78735,52125,1002,328,344726,57125,1801,31,56396,60437,1803,109,168701,60437,2509,46,156494,53562,1507,515,777343,53500,1803,31,56396,55812,1004,31,31372,55812,3290,203,668945,61000,2512,31,78613,61000,967904,741392,873068,12400,121364,0,140984,62112,69368,168,71616,61944,8,0,205536,162460,762368,578932,0,0,44,0,69348,9612,188,17240,12504,4736,688,772,0,0,0,483952,89060,245760,3180,131512,
1421971125266464,1009,78,94848,52125,1002,328,329101,57062,1809,31,56396,60437,1799,78,169189,60500,2512,62,196044,53562,1506,500,752929,53500,1805,31,56213,55812,1004,31,31433,55875,3295,187,667968,61000,2512,31,78491,61000,967904,741360,873036,12400,121364,0,140984,62112,69368,168,71616,61944,8,0,205536,162460,762368,578900,0,0,44,0,69348,9612,188,17240,12504,4736,688,772,0,0,0,483952,89060,245760,3180,131512,
1421971127341484,1010,62,63354,52125,1003,328,345703,57125,1801,31,56457,60437,1801,109,196777,60437,2516,46,157470,53500,1507,515,777343,53500,1802,31,56396,55812,1003,31,31433,55812,3292,203,668945,61000,2515,31,78613,61000,967904,741392,873068,12408,121364,0,140984,62112,69368,168,71616,61944,8,0,205536,162460,762368,578932,0,0,44,0,69348,9612,188,17220,12504,4716,688,772,0,0,0,483952,89060,245760,3180,131512,
1421971129416410,1010,62,63110,52125,1004,328,298339,57125,1805,31,84716,60375,1802,109,169189,60437,2515,31,78735,53500,1506,500,753906,53500,1799,31,56335,55812,1004,31,31372,55812,3290,187,617187,61000,2505,31,78491,61000,967904,741392,873076,12408,121364,0,140984,62120,69368,168,71616,61952,8,0,205536,162460,762368,578932,0,0,44,0,69348,9612,188,17212,12504,4708,688,772,0,0,0,483952,89060,245760,3180,131512,
1421971131491245,1010,62,62988,52125,1003,328,329101,57125,1808,31,56335,60437,1802,140,225830,60437,2519,78,117797,53500,1507,500,777343,53500,1796,31,56274,55812,1004,31,31311,55812,3290,187,668945,61000,2512,31,78369,61000,967904,741392,873076,12408,121364,0,140984,62120,69368,168,71616,61952,8,0,205536,162460,762368,578932,0,0,44,0,69348,9612,188,17212,12504,4708,688,772,0,0,0,483952,89060,245760,3180,131512,
1421971133566688,1009,62,78979,52125,1004,328,359375,57062,1803,31,56213,60375,1802,93,197265,60437,2516,62,117675,53562,1504,500,777343,53500,1806,31,56152,55812,1005,31,31372,55812,3296,171,616210,61000,2505,31,78491,61000,967904,741360,873052,12416,121364,0,140984,62128,69368,168,71616,61960,8,0,205536,162460,762368,578900,0,0,44,0,69348,9612,188,17212,12504,4708,688,772,0,0,0,483952,89060,245760,3180,131512,
1421971135648305,1009,62,78979,52062,1002,328,312500,57062,1806,31,56396,60375,1802,109,168945,60437,2519,78,78491,53562,1506,500,753906,53500,1802,31,56396,55812,1003,31,31433,55875,3294,187,566406,61000,2510,31,78491,60937,967904,741392,873084,12416,121364,0,140984,62128,69368,168,71616,61960,8,0,205536,162460,762368,578932,0,0,44,0,69348,9612,188,17212,12504,4708,688,772,0,0,0,483952,89060,245760,3180,131512,
1421971137722937,1009,62,78979,52062,1004,343,329101,57062,1805,31,56335,60375,1798,93,197265,60437,2516,31,78735,53562,1506,500,752929,53500,1796,31,56274,55875,1004,31,31372,55812,3296,156,565429,61000,2510,31,78491,61000,967904,741392,873084,12424,121364,0,140984,62128,69368,168,71616,61960,8,0,205536,162460,762368,578932,0,0,44,0,69348,9612,188,17212,12504,4708,688,772,0,0,0,483952,89060,245760,3180,131512,
1421971139797366,1010,93,63110,52062,1003,312,329589,57062,1803,31,56274,60375,1799,109,196289,60437,2515,31,78735,53562,1506,500,752929,53500,1808,31,56396,55875,1002,31,31433,55812,3292,203,668945,61000,2512,31,78369,61000,967904,741384,873088,12424,121364,0,140984,62136,69368,168,71616,61968,8,0,205536,162460,762368,578924,0,0,12,0,69348,9612,188,17224,12508,4716,688,772,0,0,0,483952,89060,245760,3180,131512,
1421971141872403,1010,62,63110,52062,1002,343,344238,57062,1805,31,56213,60375,1802,93,168457,60437,2510,31,78369,53562,1505,500,777343,53500,1805,31,56274,55812,1005,31,31433,55812,3288,171,566406,61000,2509,31,78613,61000,967904,741384,873088,12424,121364,0,140984,62136,69368,168,71616,61968,8,0,205536,162460,762368,578924,0,0,20,0,69348,9612,188,17228,12508,4720,688,772,0,0,0,483952,89060,245760,3180,131512,
1421971143947367,1009,62,78857,52062,1004,343,313476,57062,1805,31,56457,60375,1801,109,168945,60437,2519,31,117919,53562,1506,500,776367,53500,1802,31,56396,55812,1003,31,31433,55812,3292,187,668945,61000,2510,31,78369,61000,967904,741352,873056,12432,121364,0,140984,62136,69368,168,71616,61968,8,0,205536,162460,762368,578892,0,0,24,0,69348,9612,188,17228,12508,4720,688,772,0,0,0,483952,89060,245760,3180,131512,
1421971146022349,1010,62,62988,52062,1001,328,329101,57062,1803,31,56152,60375,1801,109,168945,60375,2510,31,78735,53562,1505,515,777343,53500,1803,31,56396,55812,1002,31,31433,55812,3291,171,617187,61000,2515,31,78491,61000,967904,741776,873488,12432,121364,0,140256,62144,68640,168,71616,61976,8,0,205536,162640,762368,579136,0,0,24,0,68620,9612,188,17220,12508,4712,688,772,0,0,0,483952,89060,245760,3180,131512,
1421971148115616,1010,62,94604,52062,1004,343,329589,57062,1801,31,84350,60375,1803,109,224853,60437,2519,31,78613,53562,1507,515,776367,53500,1808,31,56396,55812,1004,31,31372,55812,3296,203,617187,61000,2513,31,78613,61000,967904,741820,873532,12432,121364,0,140212,62144,68596,168,71616,61976,8,0,205536,162640,762368,579180,0,0,24,0,68576,9612,188,17220,12508,4712,688,768,0,0,0,483952,89060,245760,3180,131512,
1421971150189805,1011,78,63110,52062,1003,343,345214,57062,1805,31,56396,60375,1791,109,196044,60375,2518,31,157470,53562,1506,484,751953,53562,1798,31,56091,55812,1005,31,31372,55812,3291,187,669921,61000,2508,31,78491,61000,967904,741820,873540,12440,121364,0,140212,62152,68596,168,71616,61984,8,0,205536,162640,762368,579180,0,0,24,0,68576,9612,188,17220,12508,4712,688,768,0,0,0,483952,89060,245760,3180,131512,
1421971152264142,1008,78,47363,52062,1004,328,345703,57062,1803,31,56335,60375,1801,125,225585,60375,2519,31,117919,53562,1507,515,752929,53500,1802,31,56396,55812,1005,31,31311,55812,3288,203,617187,61000,2508,31,78491,61000,967904,741820,873540,12440,121364,0,140212,62152,68596,168,71616,61984,8,0,205536,162640,762368,579180,0,0,24,0,68576,9612,188,17220,12508,4712,688,768,0,0,0,483952,89060,245760,3180,131512,
1421971154338885,1009,46,62988,52062,1003,343,329101,57000,1803,31,56335,60375,1802,93,168945,60437,2518,31,78735,53562,1506,515,775390,53500,1801,31,56213,55812,1002,31,31372,55812,3288,187,617187,61000,2513,31,78491,60937,967904,741812,873536,12440,121364,0,140212,62152,68596,168,71616,61984,8,0,205536,162640,762368,579172,0,0,12,0,68576,9612,188,17228,12512,4716,688,768,0,0,0,483952,89060,245760,3180,131512,
1421971156413369,1009,62,63110,52062,1004,359,313964,57000,1798,31,56396,60375,1796,109,197265,60375,2518,31,196777,53562,1507,500,776367,53500,1805,31,56335,55812,1005,31,31433,55812,3294,203,719726,60937,2509,31,78613,60937,967904,741812,873544,12448,121364,0,140212,62160,68596,168,71616,61992,8,0,205536,162640,762368,579172,0,0,28,0,68576,9612,188,17228,12512,4716,688,768,0,0,0,483952,89060,245760,3180,131512,
1421971158486803,1008,62,63110,52062,1002,343,329589,57062,1798,31,84594,60375,1803,109,197265,60437,2516,62,78613,53562,1507,500,776367,53500,1796,31,56213,55812,1004,31,31372,55812,3296,187,566406,60937,2510,31,78369,60937,967904,741788,873520,12448,121364,0,140212,62160,68596,168,71616,61992,8,0,205536,162640,762368,579148,0,0,28,0,68576,9612,188,17220,12512,4708,688,768,0,0,0,483952,89060,245760,3180,131512,
1421971160560623,1009,62,63110,52062,1004,343,329589,57062,1806,31,56518,60375,1802,109,197021,60437,2507,31,78369,53562,1507,500,752929,53500,1803,31,56396,55812,1004,31,31372,55812,3292,171,567382,60937,2508,31,78369,61000,967904,741820,873552,12448,121364,0,140212,62160,68596,168,71616,61992,8,0,205536,162640,762368,579180,0,0,28,0,68576,9612,188,17220,12512,4708,688,768,0,0,0,483952,89060,245760,3180,131512,
1421971162635348,1010,78,63110,52125,1001,343,345214,57062,1805,31,56152,60375,1802,125,225097,60437,2509,46,117675,53562,1504,515,753906,53500,1802,31,56396,55812,1002,31,31311,55812,3295,171,618164,60937,2515,31,78491,60937,967904,741820,873568,12456,121372,0,140216,62172,68596,168,71620,62004,8,0,205536,162640,762368,579180,0,0,40,0,68576,9612,188,17220,12512,4708,688,768,0,0,0,483952,89060,245760,3180,131512,
1421971164709316,1010,46,63232,52125,1002,343,344238,57062,1802,31,56518,60312,1802,109,168945,60375,2510,46,78491,53562,1506,484,752929,53562,1803,31,56396,55812,1004,31,31372,55812,3295,187,566406,60937,2512,31,78491,60937,967904,741820,873576,12456,121372,0,140544,62172,68916,168,71628,62004,8,0,205536,162640,762368,579180,0,0,40,0,68952,9612,188,17220,12512,4708,688,768,0,0,0,483952,89060,245760,3180,131512,
1421971166783192,1007,78,78735,52062,1004,328,328613,57062,1805,31,56396,60375,1801,78,140869,60375,2508,31,156738,53562,1505,500,778320,53500,1805,31,56396,55812,1001,31,31372,55812,3292,187,566406,60937,2509,31,78369,60937,967904,741788,873536,12456,121372,0,140608,62172,68980,168,71628,62004,8,0,205536,162640,762368,579148,0,0,40,0,68976,9612,188,17212,12504,4708,688,772,0,0,0,483952,89060,245760,3180,131512,
1421971168856349,1007,78,63110,52062,1001,343,345214,57062,1805,31,56396,60375,1802,125,225585,60375,2518,62,78613,53562,1506,562,799804,53500,1799,31,56335,55812,1003,31,31372,55812,3290,187,566406,61000,2512,31,78491,61000,967904,741788,873536,12464,121372,0,140608,62172,68980,168,71628,62004,8,0,205536,162640,762368,579148,0,0,40,0,68976,9612,188,17212,12504,4708,688,772,0,0,0,483952,89060,245760,3180,131512,
1421971170937359,1009,78,78979,52062,1001,328,329101,57062,1806,31,56213,60375,1805,93,225585,60437,2518,31,78735,53562,1506,515,752929,53500,1801,31,56457,55812,1004,31,31311,55812,3294,187,566406,61000,2508,31,78369,61000,967904,741788,873544,12464,121380,0,140608,62180,68980,168,71628,62012,8,0,205536,162640,762368,579148,0,0,48,0,68976,9612,188,17212,12504,4708,688,772,0,0,0,483952,89060,245760,3180,131512,
1421971173012212,1010,62,47241,52062,1000,343,328613,57062,1803,31,56396,60375,1799,125,224853,60437,2518,31,117919,53562,1507,500,752929,53500,1801,31,56335,55812,1004,31,31311,55812,3284,203,617187,60937,2515,31,78613,60937,967904,741820,873576,12464,121380,0,140608,62180,68980,168,71628,62012,8,0,205536,162640,762368,579180,0,0,48,0,68976,9612,188,17212,12504,4708,688,772,0,0,0,483952,89060,245760,3180,131512,
1421971175086714,1010,78,63110,52062,1002,328,329589,57062,1809,31,56213,60375,1798,109,197509,60437,2518,31,78735,53562,1507,515,777343,53500,1805,31,56457,55812,1004,31,31372,55812,3292,203,668945,60937,2512,31,78491,60937,967904,741812,873592,12480,121380,0,140616,62188,68980,168,71636,62020,8,0,205536,162640,762368,579172,0,0,52,0,68976,9612,188,17228,12512,4716,688,772,0,0,0,483952,89060,245760,3180,131512,
1421971177162341,1011,62,63110,52062,1001,343,328613,57062,1805,31,56396,60312,1802,93,197265,60375,2518,31,78735,53562,1506,515,753906,53562,1803,31,56213,55812,1003,31,31433,55812,3292,171,617187,61000,2510,31,78369,60937,967904,741812,873592,12480,121380,0,140616,62188,68980,168,71636,62020,8,0,205536,162640,762368,579172,0,0,52,0,68976,9612,188,17228,12512,4716,688,772,0,0,0,483952,89060,245760,3180,131512,
1421971179238651,1010,78,78857,52062,1002,343,344726,57062,1801,31,84228,60312,1795,93,168701,60375,2518,31,78613,53562,1506,515,777343,53562,1802,31,56396,55812,1004,31,31433,55812,3294,203,566406,60937,2512,31,78491,60937,967904,741820,873600,12480,121380,0,140616,62188,68980,168,71636,62020,8,0,205536,162640,762368,579180,0,0,20,0,68976,9612,188,17220,12512,4708,688,772,0,0,0,483952,89060,245760,3180,131512,
1421971181313467,1010,62,47302,52062,1002,343,344726,57062,1796,31,56396,60375,1805,125,224365,60375,2516,31,78491,53562,1506,515,752929,53562,1803,31,56335,55812,1003,31,31372,55812,3290,171,566406,60937,2512,31,78613,60937,967904,741820,873608,12488,121380,0,140616,62196,68980,168,71636,62028,8,0,205536,162640,762368,579180,0,0,24,0,68976,9612,188,17220,12512,4708,688,772,0,0,0,483952,89060,245760,3180,131512,
1421971183389776,1011,62,63110,52062,1002,328,329101,57062,1801,31,56396,60375,1799,93,197265,60375,2519,62,157470,53562,1504,500,752929,53562,1802,31,56335,55812,1004,31,31372,55812,3292,187,617187,60937,2510,31,78491,60937,967904,741820,873608,12488,121380,0,140616,62196,68980,168,71636,62028,8,0,205536,162640,762368,579180,0,0,24,0,68976,9612,188,17220,12512,4708,688,772,0,0,0,483952,89060,245760,3180,131512,
1421971185465311,1009,62,78735,52062,1004,343,345214,57062,1806,31,56213,60375,1802,93,197021,60375,2515,31,78613,53562,1506,500,752929,53500,1802,31,56213,55812,1004,31,31372,55812,3291,187,668945,60937,2509,31,78491,60937,967904,741820,873600,12496,121380,0,140616,62196,68980,168,71636,62028,8,0,205536,162640,762368,579180,0,0,24,0,68976,9612,188,17212,12504,4708,688,772,0,0,0,483952,89060,245760,3180,131512,
