t,VCCINT.V,VCCINT.I,VCCINT.P,VCCINT.T,VCCPINT.V,VCCPINT.I,VCCPINT.P,VCCPINT.T,VCCAUX.V,VCCAUX.I,VCCAUX.P,VCCAUX.T,VCCPAUX.V,VCCPAUX.I,VCCPAUX.P,VCCPAUX.T,VCCADJ.V,VCCADJ.I,VCCADJ.P,VCCADJ.T,VCC1V5.V,VCC1V5.I,VCC1V5.P,VCC1V5.T,VCCMIO_PS.V,VCCMIO_PS.I,VCCMIO_PS.P,VCCMIO_PS.T,VCCBRAM.V,VCCBRAM.I,VCCBRAM.P,VCCBRAM.T,VCC3V3.V,VCC3V3.I,VCC3V3.P,VCC3V3.T,VCC2V5.V,VCC2V5.I,VCC2V5.P,VCC2V5.T,M.MemTotal:,M.MemFree:,M.MemAvailable:,M.Buffers:,M.Cached:,M.SwapCached:,M.Active:,M.Inactive:,M.Active(anon):,M.Inactive(anon):,M.Active(file):,M.Inactive(file):,M.Unevictable:,M.Mlocked:,M.HighTotal:,M.HighFree:,M.LowTotal:,M.LowFree:,M.SwapTotal:,M.SwapFree:,M.Dirty:,M.Writeback:,M.AnonPages:,M.Mapped:,M.Shmem:,M.Slab:,M.SReclaimable:,M.SUnreclaim:,M.KernelStack:,M.PageTables:,M.NFS_Unstable:,M.Bounce:,M.WritebackTmp:,M.CommitLimit:,M.Committed_AS:,M.VmallocTotal:,M.VmallocUsed:,M.VmallocChunk:,
0.0,VCCINT.V,VCCINT.I,VCCINT.P,VCCINT.T,VCCPINT.V,VCCPINT.I,VCCPINT.P,VCCPINT.T,VCCAUX.V,VCCAUX.I,VCCAUX.P,VCCAUX.T,VCCPAUX.V,VCCPAUX.I,VCCPAUX.P,VCCPAUX.T,VCCADJ.V,VCCADJ.I,VCCADJ.P,VCCADJ.T,VCC1V5.V,VCC1V5.I,VCC1V5.P,VCC1V5.T,VCCMIO_PS.V,VCCMIO_PS.I,VCCMIO_PS.P,VCCMIO_PS.T,VCCBRAM.V,VCCBRAM.I,VCCBRAM.P,VCCBRAM.T,VCC3V3.V,VCC3V3.I,VCC3V3.P,VCC3V3.T,VCC2V5.V,VCC2V5.I,VCC2V5.P,VCC2V5.T,M.MemTotal:,M.MemFree:,M.MemAvailable:,M.Buffers:,M.Cached:,M.SwapCached:,M.Active:,M.Inactive:,M.Active(anon):,M.Inactive(anon):,M.Active(file):,M.Inactive(file):,M.Unevictable:,M.Mlocked:,M.HighTotal:,M.HighFree:,M.LowTotal:,M.LowFree:,M.SwapTotal:,M.SwapFree:,M.Dirty:,M.Writeback:,M.AnonPages:,M.Mapped:,M.Shmem:,M.Slab:,M.SReclaimable:,M.SUnreclaim:,M.KernelStack:,M.PageTables:,M.NFS_Unstable:,M.Bounce:,M.WritebackTmp:,M.CommitLimit:,M.Committed_AS:,M.VmallocTotal:,M.VmallocUsed:,M.VmallocChunk:,
2.073305,1010,62,94726,54187,1000,296,298339,59187,1802,31,56396,62437,1802,93,168945,62500,2520,31,78735,55875,1505,515,776367,55875,1803,31,56335,58062,1001,31,31433,58062,3294,203,668945,63000,2512,31,78491,63000,967904,613352,882708,23440,248004,0,271416,60276,60276,168,211140,60108,8,0,205536,136120,762368,477232,0,0,36,0,60268,7044,188,17256,12496,4760,720,788,0,0,0,483952,76764,245760,3180,131512,
4.145393,1009,62,63110,54250,1003,296,297363,59187,1802,31,56396,62437,1801,109,196777,62500,2510,31,78247,55875,1506,515,776367,55875,1803,31,56335,58062,1004,31,31372,58062,3290,203,668945,63000,2508,31,78613,63000,967904,613384,882740,23440,248004,0,271428,60276,60288,168,211140,60108,8,0,205536,136120,762368,477264,0,0,36,0,60292,7044,188,17256,12496,4760,720,788,0,0,0,483952,76764,245760,3180,131512,
6.226126,1008,62,78857,54250,1004,296,313964,59187,1805,31,56396,62437,1794,109,196777,62500,2510,62,78369,55875,1505,515,776367,55875,1795,31,56457,58062,1004,31,31372,58062,3294,187,617187,63000,2513,31,78491,63000,967904,613384,882740,23448,248000,0,271428,60276,60288,168,211140,60108,8,0,205536,136120,762368,477264,0,0,0,0,60292,7044,188,17256,12496,4760,720,788,0,0,0,483952,76764,245760,3180,131512,
8.298528,1011,62,94726,54250,1001,296,297363,59250,1802,31,56396,62437,1801,93,168945,62437,2516,46,118041,55875,1506,500,752929,55875,1799,31,56335,58062,1005,31,31433,58062,3295,187,667968,63000,2508,31,78613,63000,967904,613384,882744,23448,248004,0,271428,60280,60288,168,211140,60112,8,0,205536,136120,762368,477264,0,0,20,0,60292,7044,188,17256,12496,4760,720,788,0,0,0,483952,76764,245760,3180,131512,
10.371058,1010,78,63232,54250,1002,359,375976,59250,1796,31,84594,62437,1795,109,197021,62500,2520,31,118041,55875,1506,531,776367,55875,1803,31,56396,58062,1003,31,31372,58125,3296,203,618164,63000,2509,31,78491,63000,967904,579656,847092,23448,246040,0,307032,58356,95892,168,211140,58188,8,0,205536,128620,762368,451036,0,0,20,0,95860,7964,188,17256,12496,4760,720,888,0,0,0,483952,184228,245760,3180,131512,
12.470205,1010,78,78735,54250,1002,359,376464,59187,1802,31,56396,62437,1803,93,196777,62437,2518,46,78613,55875,1507,500,753906,55875,1803,31,56274,58062,1003,31,31372,58125,3292,203,566406,63000,2508,31,78491,63000,967904,508992,776408,23448,246052,0,377772,58332,166632,168,211140,58164,8,0,205536,113260,762368,395732,0,0,20,0,166696,7972,188,17260,12500,4760,768,1092,0,0,0,483952,263340,245760,3180,131512,
14.543989,1009,78,63110,54250,1002,343,360351,59187,1796,46,56518,62437,1805,109,197265,62437,2515,31,78735,55875,1506,515,776367,55875,1805,31,56091,58062,1002,31,31372,58062,3292,203,667968,63000,2515,31,78491,63000,967904,508564,775980,23448,246052,0,378328,58332,167188,168,211140,58164,8,0,205536,113080,762368,395484,0,0,20,0,167184,7972,188,17260,12500,4760,768,1092,0,0,0,483952,263340,245760,3180,131512,
16.618326,1010,78,62988,54250,1002,375,360839,59187,1803,31,56457,62437,1802,93,197265,62437,2518,31,78735,55875,1504,500,777343,55812,1803,31,56396,58062,1004,31,31433,58062,3290,203,668945,62937,2510,31,78491,63000,967904,508008,775432,23456,246052,0,378832,58340,167692,168,211140,58172,8,0,205536,113020,762368,394988,0,0,32,0,167716,7972,188,17260,12500,4760,768,1092,0,0,0,483952,263340,245760,3180,131512,
18.691686,1007,78,78979,54250,1002,406,406250,59250,1805,31,56396,62437,1802,109,197021,62500,2504,46,78369,55875,1506,515,776367,55812,1803,31,56335,58062,1003,31,31372,58125,3290,203,667968,63000,2512,31,78369,63000,967904,499980,767404,23456,246052,0,386668,58340,175528,168,211140,58172,8,0,205536,111100,762368,388880,0,0,32,0,175572,7972,188,17248,12500,4748,768,1116,0,0,0,483952,268400,245760,3180,131512,
20.801283,1010,78,63232,54250,1002,406,407226,59250,1803,31,84472,62437,1801,109,168701,62437,2519,31,78491,55875,1504,500,753906,55812,1802,31,56396,58062,1003,31,31433,58062,3291,171,566406,63000,2512,31,78613,63000,967904,490596,758088,23456,246120,0,396024,58408,184884,168,211140,58240,8,0,205536,109000,762368,381596,0,0,100,0,184936,7972,188,17256,12500,4756,768,1124,0,0,0,483952,272380,245760,3180,131512,
22.882735,1009,78,47180,54250,1002,390,375976,59250,1802,31,56091,62437,1801,93,197265,62500,2515,31,118164,55875,1505,515,728515,55875,1802,31,56213,58062,1004,31,31372,58125,3287,156,565429,63000,2509,31,78613,63000,967904,484076,751620,23456,246176,0,402532,58464,191392,168,211140,58296,8,0,205536,107440,762368,376636,0,0,156,0,191460,7972,188,17252,12496,4756,768,1136,0,0,0,483952,280332,245760,3180,131512,
24.958233,1010,78,79101,54250,1004,375,391601,59187,1806,31,56274,62500,1801,125,225585,62500,2516,31,78857,55875,1507,500,800781,55875,1803,31,56396,58062,1004,31,31433,58125,3288,171,566406,63000,2512,31,78491,63000,967904,479428,746996,23456,246200,0,407132,58488,195992,168,211140,58320,8,0,205536,106420,762368,373008,0,0,180,0,196008,7972,188,17252,12496,4756,768,1136,0,0,0,483952,280332,245760,3180,131512,
27.042652,1011,62,78857,54250,1005,390,407714,59187,1803,31,56518,62437,1794,93,196777,62500,2518,31,78857,55875,1506,515,799804,55875,1796,31,56457,58125,1004,31,31372,58062,3290,203,668945,63062,2518,31,78613,63062,967904,476748,744348,23464,246228,0,409772,58520,198632,168,211140,58352,8,0,205536,105940,762368,370808,0,0,208,0,198676,7972,188,17252,12496,4756,768,1136,0,0,0,483952,280332,245760,3180,131512,
29.133523,1009,62,63232,54250,1004,359,407714,59187,1805,31,56457,62500,1805,125,224365,62500,2520,31,78735,55875,1507,515,776367,55875,1803,31,56396,58062,1002,31,31433,58062,3287,203,668945,63062,2510,31,78369,63062,967904,475520,743144,23464,246256,0,411028,58544,199888,168,211140,58376,8,0,205536,105580,762368,369940,0,0,236,0,199964,7972,188,17256,12496,4760,768,1136,0,0,0,483952,280332,245760,3180,131512,
31.210477,1009,78,62988,54250,1004,406,407714,59187,1803,31,56396,62437,1801,109,169189,62500,2520,46,78613,55937,1506,500,751953,55875,1802,31,56396,58062,1003,31,31372,58125,3295,218,719726,63000,2509,31,78369,63000,967904,475152,742784,23468,246252,0,411244,58552,200104,168,211140,58384,8,0,205536,105460,762368,369692,0,0,236,0,200108,7972,188,17256,12496,4760,768,1136,0,0,0,483952,280332,245760,3180,131512,
33.312094,1007,62,78979,54250,1003,406,390625,59250,1802,31,56213,62437,1803,109,224365,62500,2513,31,78735,55875,1506,500,776367,55875,1796,31,56396,58062,1002,31,31372,58125,3291,171,616210,63000,2512,31,78369,63000,967904,474632,742320,23472,246304,0,411740,58608,200600,168,211140,58440,8,0,205536,105220,762368,369412,0,0,284,0,200656,7972,188,17256,12496,4760,768,1144,0,0,0,483952,284308,245760,3180,131512,
35.411038,1010,78,78979,54250,1004,406,407714,59250,1806,31,56396,62437,1799,109,223876,62500,2518,31,78613,55875,1506,515,775390,55875,1798,31,56396,58062,1001,31,31372,58125,3294,203,616210,63000,2512,31,78491,63000,967904,474112,741820,23472,246324,0,412320,58628,201180,168,211140,58460,8,0,205536,105040,762368,369072,0,0,304,0,201248,7972,188,17252,12496,4756,768,1144,0,0,0,483952,284308,245760,3180,131512,
37.492434,1012,78,63110,54250,1002,406,407226,59187,1799,31,56396,62437,1802,93,168457,62437,2518,62,118164,55875,1506,515,752929,55875,1806,31,84472,58125,1003,31,31372,58125,3294,171,618164,63000,2513,31,78613,63000,967904,472820,740576,23480,246364,0,413552,58672,202408,168,211144,58504,8,0,205536,104740,762368,368080,0,0,320,0,202392,7972,188,17252,12496,4756,768,1144,0,0,0,483952,284308,245760,3180,131512,
39.567785,1008,93,47363,54250,1004,406,407226,59250,1802,31,56396,62437,1799,109,197265,62500,2512,31,78369,55875,1505,500,776367,55812,1802,31,56396,58062,1004,31,31372,58062,3292,187,566406,63062,2509,31,78613,63062,967904,471680,739444,23480,246404,0,414772,58680,203628,168,211144,58512,8,0,205536,104500,762368,367180,0,0,360,0,203652,7972,188,17248,12496,4752,768,1144,0,0,0,483952,284308,245760,3180,131512,
41.674765,1009,62,63232,54250,1004,406,408203,59187,1801,46,56396,62437,1799,109,169189,62500,2515,46,157470,55875,1506,515,776367,55875,1798,31,56335,58062,1002,31,31372,58062,3291,187,567382,63000,2510,31,78491,63062,967904,470908,738740,23480,246448,0,415488,58740,204344,168,211144,58572,8,0,205536,104200,762368,366708,0,0,40,0,204336,7972,188,17264,12504,4760,768,1144,0,0,0,483952,284308,245760,3180,131512,
43.751977,1011,78,110229,54250,1002,406,407226,59187,1798,31,56518,62437,1798,109,224853,62500,2520,31,78491,55875,1506,500,752929,55812,1801,31,56335,58000,1004,31,31372,58062,3295,171,566406,63062,2510,31,78369,63000,967904,470784,738632,23488,246444,0,415608,58756,204464,168,211144,58588,8,0,205536,104200,762368,366584,0,0,44,0,204456,7972,188,17272,12504,4768,768,1144,0,0,0,483952,284308,245760,3180,131512,
45.833834,1010,93,78979,54250,1003,375,376953,59187,1805,31,56335,62437,1802,109,197021,62437,2515,31,78735,55875,1505,500,753906,55812,1801,31,56213,58062,1004,31,31372,58062,3294,187,668945,63000,2512,31,78491,63000,967904,470660,738548,23488,246480,0,415688,58796,204544,168,211144,58628,8,0,205536,104200,762368,366460,0,0,80,0,204576,7972,188,17272,12504,4768,768,1144,0,0,0,483952,284308,245760,3180,131512,
47.935764,1007,62,63110,54250,1004,406,408203,59250,1794,31,56396,62437,1802,125,197509,62437,2516,62,78735,55875,1506,500,778320,55875,1798,31,56335,58000,1004,31,31372,58062,3294,203,619140,63000,2505,31,78613,63000,967904,470420,738308,23488,246496,0,415828,58796,204684,168,211144,58628,8,0,205536,104200,762368,366220,0,0,96,0,204696,7972,188,17256,12504,4752,768,1144,0,0,0,483952,284308,245760,3180,131512,
50.023022,1005,62,94482,54187,1000,390,376464,59187,1806,31,56396,62437,1802,109,196777,62500,2512,31,78491,55875,1506,515,752929,55875,1805,31,56396,58062,1005,31,31372,58062,3288,203,669921,63000,2512,31,78613,63000,967904,470388,738300,23496,246512,0,415908,58820,204764,168,211144,58652,8,0,205536,104200,762368,366188,0,0,112,0,204744,7972,188,17256,12504,4752,768,1144,0,0,0,483952,284308,245760,3180,131512,
52.134666,1010,78,78979,54250,1002,406,375976,59250,1810,31,56213,62500,1801,93,168212,62500,2509,31,78369,55937,1504,515,776367,55875,1802,31,56396,58062,1002,31,31372,58062,3292,203,618164,63000,2510,31,78613,63000,967904,470420,738348,23496,246516,0,415968,58836,204824,168,211144,58668,8,0,205536,104200,762368,366220,0,0,116,0,204804,7972,188,17256,12504,4752,768,1144,0,0,0,483952,284308,245760,3180,131512,
54.213684,1010,78,94238,54250,1003,406,407226,59250,1809,31,56518,62500,1798,125,225097,62500,2520,31,117675,55875,1504,515,777343,55875,1805,31,56335,58062,1001,31,31372,58062,3288,203,616210,63000,2510,31,78369,63000,967904,470360,738308,23496,246536,0,416012,58856,204868,168,211144,58688,8,0,205536,104140,762368,366220,0,0,136,0,204860,7972,188,17256,12504,4752,768,1144,0,0,0,483952,284308,245760,3180,131512,
56.294067,1011,78,62988,54187,1003,390,407714,59187,1805,31,56396,62500,1802,109,168212,62500,2519,31,157226,55875,1507,500,776367,55875,1802,31,56335,58000,1004,31,31372,58125,3291,187,668945,63000,2509,31,78369,63000,967904,470268,738224,23504,246552,0,416024,58872,204880,168,211144,58704,8,0,205536,104080,762368,366188,0,0,152,0,204860,7972,188,17248,12496,4752,768,1144,0,0,0,483952,284308,245760,3180,131512,
58.373454,1009,62,47363,54187,1002,406,422363,59187,1803,31,56335,62437,1795,125,224365,62500,2510,31,118041,55875,1507,500,777343,55875,1805,31,56274,58062,1004,31,31372,58062,3291,171,617187,63000,2512,31,78613,63000,967904,470268,738236,23504,246564,0,416064,58884,204920,168,211144,58716,8,0,205536,104080,762368,366188,0,0,164,0,204928,7972,188,17248,12496,4752,768,1144,0,0,0,483952,284308,245760,3180,131512,
60.493411,1010,93,62988,54187,1003,406,407226,59187,1799,46,56518,62500,1801,93,168701,62500,2519,31,78613,55875,1506,515,776367,55875,1805,31,56396,58062,1002,31,31372,58062,3292,187,565429,63000,2513,31,78613,63000,967904,470240,738208,23512,246580,0,416092,58884,204948,168,211144,58716,8,0,205536,104020,762368,366220,0,0,180,0,204964,7972,188,17248,12496,4752,768,1144,0,0,0,483952,284308,245760,3180,131512,
62.568467,1008,62,78979,54187,1003,375,423339,59187,1803,31,56457,62500,1802,93,197265,62500,2520,31,78735,55875,1504,500,799804,55875,1798,31,56396,58062,1004,31,31433,58062,3291,203,668945,63000,2513,31,78491,63000,967904,470116,738084,23512,246588,0,416160,58884,205016,168,211144,58716,8,0,205536,104020,762368,366096,0,0,188,0,205000,7972,188,17248,12496,4752,768,1144,0,0,0,483952,284308,245760,3180,131512,
64.651559,1010,46,63110,54187,1001,375,392089,59187,1805,31,56457,62500,1805,93,196289,62437,2518,31,78735,55875,1505,500,753906,55875,1802,31,56213,58062,1004,31,31372,58062,3290,187,668945,63000,2510,31,78491,63000,967904,470116,738088,23512,246600,0,416192,58888,205048,168,211144,58720,8,0,205536,104020,762368,366096,0,0,200,0,205032,7972,188,17248,12496,4752,768,1144,0,0,0,483952,284308,245760,3180,131512,
66.736033,1007,93,94726,54187,1002,421,407226,59187,1796,31,84228,62500,1802,109,253417,62500,2519,46,118164,55875,1507,656,894531,55875,1803,31,56396,58062,1004,31,31372,58062,3288,203,618164,63000,2510,31,78613,63000,967904,469860,737900,23520,246700,0,416204,58948,205060,168,211144,58780,8,0,205536,104020,762368,365840,0,0,288,0,205076,7972,188,17264,12504,4760,768,1144,0,0,0,483952,284308,245760,3180,131512,
68.832507,1010,78,62988,54187,1004,406,391601,59187,1801,31,56152,62500,1798,125,168701,62500,2515,31,78735,55937,1505,500,729492,55875,1802,31,56213,58062,1004,31,31372,58062,3294,187,566406,63000,2512,31,78491,63062,967904,469736,737924,23520,246748,0,416280,59096,205136,168,211144,58928,8,0,205536,104020,762368,365716,0,0,336,0,205188,7972,188,17264,12504,4760,768,1144,0,0,0,483952,284308,245760,3180,131512,
70.907655,1010,62,78979,54187,1004,406,391113,59187,1803,31,56518,62500,1799,93,169189,62500,2519,31,78735,55875,1506,515,776367,55875,1801,31,56091,58000,1005,31,31372,58062,3292,203,668945,63062,2512,31,78369,63000,967904,469736,737924,23520,246748,0,416304,59096,205160,168,211144,58928,8,0,205536,104020,762368,365716,0,0,336,0,205188,7972,188,17264,12504,4760,768,1144,0,0,0,483952,284308,245760,3180,131512,
72.992904,1012,78,63110,54187,1002,390,375488,59187,1803,31,56396,62437,1802,109,196777,62437,2510,46,78369,55937,1506,500,777343,55875,1806,31,56396,58062,1004,31,31311,58062,3291,203,668945,63000,2512,31,78369,63000,967904,469620,737872,23528,246812,0,416304,59160,205160,168,211144,58992,8,0,205536,104020,762368,365600,0,0,396,0,205188,7972,188,17256,12504,4752,768,1144,0,0,0,483952,284308,245760,3180,131512,
75.078909,1008,78,78979,54187,1004,390,392578,59187,1806,31,56518,62437,1801,93,140869,62437,2507,31,78369,55875,1507,500,752929,55875,1801,31,56396,58062,1003,31,31311,58062,3291,187,617187,63000,2513,31,78491,63000,967904,469588,737848,23528,246820,0,416304,59168,205160,168,211144,59000,8,0,205536,104020,762368,365568,0,0,404,0,205188,7972,188,17256,12504,4752,768,1144,0,0,0,483952,284308,245760,3180,131512,
77.154775,1010,93,78857,54187,1001,390,391601,59187,1802,31,56396,62437,1805,109,196777,62437,2515,31,78735,55937,1506,515,776367,55875,1806,31,56335,58062,1005,31,31433,58062,3290,171,617187,63000,2515,31,78491,63000,967904,469612,737912,23536,246852,0,416308,59208,205164,168,211144,59040,8,0,205536,104020,762368,365592,0,0,20,0,205192,7972,188,17264,12504,4760,768,1144,0,0,0,483952,284308,245760,3180,131512,
79.230679,1009,62,78979,54187,1003,390,392089,59187,1805,31,56396,62437,1803,109,196777,62500,2518,31,78735,55875,1506,500,775390,55875,1802,31,56396,58062,1003,31,31372,58125,3292,187,617187,63000,2515,31,78369,63000,967904,469612,737960,23536,246908,0,416356,59256,205212,168,211144,59088,8,0,205536,104020,762368,365592,0,0,80,0,205192,7972,188,17264,12504,4760,768,1144,0,0,0,483952,284308,245760,3180,131512,
81.305347,1009,62,78613,54187,1003,406,392578,59187,1803,31,56396,62437,1801,125,196777,62500,2519,46,78735,55875,1507,531,776367,55875,1798,31,56396,58062,1003,31,31433,58125,3291,171,617187,63000,2512,31,78491,63000,967904,469628,737972,23536,246952,0,416336,59256,205192,168,211144,59088,8,0,205536,104020,762368,365608,0,0,124,0,205176,7972,188,17252,12500,4752,760,1144,0,0,0,483952,284308,245760,3180,131512,
83.408549,1011,62,94726,54250,1002,390,391601,59187,1805,31,56396,62437,1798,125,225097,62500,2516,31,118041,55875,1506,500,729492,55937,1802,31,56152,58062,1003,31,31372,58062,3288,203,618164,63000,2509,31,78491,63000,967904,469472,737904,23544,246988,0,416336,59344,205192,168,211144,59176,8,0,205536,104020,762368,365452,0,0,168,0,205176,7972,188,17252,12500,4752,760,1144,0,0,0,483952,284308,245760,3180,131512,
85.493964,1009,109,78979,54250,1004,375,391113,59250,1803,46,56518,62437,1805,93,168701,62500,2516,31,78735,55875,1504,515,776367,55875,1805,31,56457,58062,1004,31,31372,58062,3291,171,565429,63000,2513,31,78491,63000,967904,469380,737860,23544,247044,0,416336,59392,205192,168,211144,59224,8,0,205536,104020,762368,365360,0,0,216,0,205184,7972,188,17252,12500,4752,760,1144,0,0,0,483952,284308,245760,3180,131512,
87.571692,1009,93,94726,54250,1003,406,390625,59187,1805,31,56396,62437,1802,125,196533,62437,2512,31,78735,55875,1506,515,776367,55875,1799,31,56335,58062,1003,31,31433,58062,3290,203,565429,63000,2512,31,78491,63000,967904,469380,737936,23544,247164,0,416336,59468,205192,168,211144,59300,8,0,205536,104020,762368,365360,0,0,336,0,205192,7972,188,17252,12500,4752,760,1144,0,0,0,483952,284308,245760,3180,131512,
89.653273,1009,93,78979,54250,1003,390,392089,59187,1808,31,56396,62437,1802,109,197509,62500,2518,31,78735,55875,1504,515,752929,55875,1803,31,56213,58062,1002,31,31372,58062,3292,187,616210,63000,2516,31,78369,63062,967904,469348,737956,23552,247172,0,416336,59520,205192,168,211144,59352,8,0,205536,104020,762368,365328,0,0,344,0,205192,7972,188,17252,12500,4752,760,1144,0,0,0,483952,284308,245760,3180,131512,
91.733729,1009,62,63110,54250,1001,406,408203,59250,1798,31,56396,62437,1799,109,197265,62500,2521,31,157226,55875,1506,500,777343,55875,1806,31,56335,58125,1004,31,31372,58125,3295,203,617187,63062,2509,31,78613,63062,967904,469256,737908,23552,247252,0,416336,59564,205192,168,211144,59396,8,0,205536,104020,762368,365236,0,0,424,0,205192,7972,188,17252,12500,4752,760,1144,0,0,0,483952,284308,245760,3180,131512,
93.814094,1009,62,78857,54250,1003,406,408203,59187,1808,31,56457,62437,1802,109,197265,62437,2520,46,117919,55937,1508,500,752929,55875,1806,31,56335,58062,1004,31,31372,58062,3288,187,618164,63062,2509,31,78369,63062,967904,469256,737948,23552,247260,0,416336,59608,205192,168,211144,59440,8,0,205536,104020,762368,365236,0,0,432,0,205192,7972,188,17248,12496,4752,760,1144,0,0,0,483952,284308,245760,3180,131512,
95.892209,1010,62,78979,54250,1004,406,391601,59250,1805,31,56396,62437,1792,109,168945,62500,2518,31,117919,55937,1506,500,752929,55875,1803,31,56274,58062,1004,31,31433,58125,3294,187,668945,63000,2512,31,78491,63062,967904,469132,737900,23560,247308,0,416360,59680,205212,168,211148,59512,8,0,205536,104020,762368,365112,0,0,480,0,205192,7972,188,17248,12496,4752,760,1144,0,0,0,483952,284308,245760,3180,131512,
97.968961,1008,62,78979,54250,1003,421,407226,59187,1808,31,56396,62437,1802,125,197265,62500,2518,31,78613,55937,1506,500,752929,55875,1803,31,56396,58062,1003,31,31372,58125,3292,187,668945,63062,2512,31,78613,63062,967904,469132,737952,23560,247352,0,416360,59732,205212,168,211148,59564,8,0,205536,104020,762368,365112,0,0,524,0,205192,7972,188,17248,12496,4752,760,1144,0,0,0,483952,284308,245760,3180,131512,
100.055665,1009,62,78979,54250,1001,390,407714,59250,1805,31,56457,62437,1802,109,168701,62500,2518,31,118041,55875,1507,500,799804,55875,1802,31,56274,58125,1004,31,31372,58125,3294,187,566406,63062,2513,31,78491,63062,967904,469132,737988,23560,247388,0,416360,59768,205212,168,211148,59600,8,0,205536,104020,762368,365112,0,0,560,0,205192,7972,188,17248,12496,4752,760,1144,0,0,0,483952,284308,245760,3180,131512,
102.151771,1011,62,78979,54250,1003,390,391113,59250,1806,31,56396,62437,1799,125,197265,62500,2519,46,78613,55875,1504,500,752929,55875,1795,31,56274,58062,1002,31,31311,58125,3297,171,566406,63062,2510,31,78613,63000,967904,469132,738040,23568,247440,0,416360,59820,205212,168,211148,59652,8,0,205536,104020,762368,365112,0,0,612,0,205192,7972,188,17248,12496,4752,760,1144,0,0,0,483952,284308,245760,3180,131512,
104.259193,1008,78,63110,54250,1002,406,407226,59250,1806,31,56335,62437,1801,125,168945,62500,2516,46,78735,55875,1506,500,753906,55875,1803,31,56213,58062,1003,31,31372,58125,3292,187,668945,63062,2512,31,78491,63062,967904,469072,738016,23568,247476,0,416360,59856,205212,168,211148,59688,8,0,205536,103960,762368,365112,0,0,648,0,205192,7972,188,17248,12496,4752,760,1144,0,0,0,483952,284308,245760,3180,131512,
106.341456,1009,78,94848,54250,1001,406,392089,59250,1803,31,56396,62437,1801,109,167968,62500,2516,46,118164,55937,1506,515,753906,55875,1802,31,56335,58062,1000,31,31433,58125,3288,171,617187,63062,2510,31,78247,63062,967904,469012,738000,23568,247524,0,416360,59900,205212,168,211148,59732,8,0,205536,103900,762368,365112,0,0,696,0,205192,7972,188,17244,12496,4748,760,1144,0,0,0,483952,284308,245760,3180,131512,
108.422097,1006,78,78979,54250,1002,390,407226,59187,1805,31,56152,62437,1805,109,197265,62500,2519,31,78735,55875,1505,515,775390,55875,1805,31,56335,58062,1003,31,31372,58125,3294,187,618164,63000,2512,31,78491,63062,967904,468856,737860,23576,247528,0,416360,59916,205212,168,211148,59748,8,0,205536,103900,762368,364956,0,0,684,0,205192,7972,188,17244,12496,4748,760,1144,0,0,0,483952,284308,245760,3180,131512,
110.503346,1011,93,63110,54250,1003,406,392089,59250,1805,31,56396,62437,1802,93,197265,62500,2518,31,78613,55937,1506,515,776367,55875,1805,31,56396,58062,1004,31,31372,58125,3294,187,668945,63062,2513,31,78369,63000,967904,468888,737936,23576,247572,0,416360,59960,205212,168,211148,59792,8,0,205536,103900,762368,364988,0,0,728,0,205192,7972,188,17244,12496,4748,760,1144,0,0,0,483952,284308,245760,3180,131512,
112.581572,1010,78,62866,54250,1002,390,391601,59187,1802,31,56335,62437,1799,93,197265,62500,2512,46,78613,55875,1502,500,753906,55875,1795,31,56396,58125,1002,31,31372,58125,3294,171,617187,63062,2513,31,78491,63062,967904,468632,737736,23576,247660,0,416360,60008,205212,168,211148,59840,8,0,205536,103900,762368,364732,0,0,44,0,205192,7972,188,17260,12504,4756,760,1144,0,0,0,483952,284308,245760,3180,131512,
114.659798,1010,62,78857,54250,1002,390,392578,59250,1805,31,56457,62500,1802,93,196289,62500,2516,31,78735,55875,1506,500,799804,55875,1802,31,56457,58062,1005,31,31372,58062,3292,187,617187,63062,2512,31,78491,63062,967904,468600,737800,23584,247708,0,416360,60104,205212,168,211148,59936,8,0,205536,103900,762368,364700,0,0,108,0,205192,7972,188,17260,12504,4756,760,1144,0,0,0,483952,284308,245760,3180,131512,
116.742245,1009,78,78735,54250,1003,390,376464,59187,1805,31,56396,62500,1803,93,168945,62500,2519,31,118164,55875,1507,500,730468,55875,1801,31,56396,58062,1004,31,31372,58062,3291,171,667968,63062,2516,31,78491,63062,967904,468640,737848,23584,247716,0,416360,60112,205212,168,211148,59944,8,0,205536,103900,762368,364740,0,0,116,0,205192,7972,188,17252,12504,4748,760,1144,0,0,0,483952,284308,245760,3180,131512,
118.823826,1007,62,62988,54250,1002,406,391601,59250,1805,31,56518,62500,1798,109,168945,62500,2515,46,78613,55875,1507,500,775390,55875,1805,31,56335,58062,1004,31,31372,58062,3291,203,669921,63062,2509,31,78491,63062,967904,468640,737896,23584,247764,0,416360,60160,205212,168,211148,59992,8,0,205536,103900,762368,364740,0,0,164,0,205192,7972,188,17256,12504,4752,760,1144,0,0,0,483952,284308,245760,3180,131512,
120.900559,1009,78,94726,54250,1003,406,391113,59250,1802,31,56152,62500,1796,125,225097,62500,2520,31,78613,55875,1506,484,751953,55875,1802,31,56335,58062,1004,31,31433,58062,3291,171,566406,63062,2512,31,78369,63062,967904,468516,737832,23592,247824,0,416360,60220,205212,168,211148,60052,8,0,205536,103900,762368,364616,0,0,228,0,205192,7972,188,17256,12504,4752,760,1144,0,0,0,483952,284308,245760,3180,131512,
122.982342,1007,78,94604,54250,1003,375,407226,59250,1803,31,56274,62500,1802,62,140625,62500,2510,31,78247,55875,1504,500,753906,55875,1801,31,56396,58062,1004,31,31433,58125,3290,187,668945,63062,2512,31,78369,63062,967904,468516,737876,23592,247876,0,416360,60264,205212,168,211148,60096,8,0,205536,103900,762368,364616,0,0,280,0,205192,7972,188,17260,12504,4756,760,1144,0,0,0,483952,284308,245760,3180,131512,
125.063757,1008,78,62988,54250,1002,406,407714,59250,1806,31,56457,62500,1794,109,196533,62500,2509,31,78247,55875,1504,500,730468,55875,1802,31,56457,58062,1004,31,31372,58125,3295,203,618164,63062,2513,31,78491,63062,967904,468392,737788,23592,247912,0,416360,60308,205212,168,211148,60140,8,0,205536,103900,762368,364492,0,0,316,0,205192,7972,188,17252,12496,4756,760,1144,0,0,0,483952,284308,245760,3180,131512,
127.150554,1007,93,94604,54312,1003,406,407714,59250,1809,31,56396,62500,1796,109,196777,62500,2516,46,78735,55875,1504,531,776367,55875,1803,31,56396,58062,1002,31,31311,58125,3292,203,668945,63062,2515,31,78491,63062,967904,468392,737804,23600,247920,0,416360,60324,205212,168,211148,60156,8,0,205536,103900,762368,364492,0,0,324,0,205192,7972,188,17252,12496,4756,760,1144,0,0,0,483952,284308,245760,3180,131512,
129.233536,1011,62,78857,54250,1002,406,392578,59250,1799,31,56457,62500,1801,125,224853,62500,2515,31,78735,55875,1507,500,777343,55875,1803,31,56396,58062,1005,31,31372,58125,3291,171,616210,63062,2510,31,78369,63062,967904,468360,737844,23600,247992,0,416360,60396,205212,168,211148,60228,8,0,205536,103900,762368,364460,0,0,396,0,205192,7972,188,17248,12496,4752,760,1144,0,0,0,483952,284308,245760,3180,131512,
133.46379,1010,93,78857,54250,1004,312,313964,59250,1805,46,56213,62437,1796,109,197021,62500,2518,62,157470,55875,1506,515,777343,55875,1803,31,56335,58125,1003,31,31433,58062,3292,187,618164,63062,2512,31,78491,63000,967904,612708,882276,23608,248036,0,271280,60760,60424,168,210856,60592,8,0,205536,136420,762368,476288,0,0,56,0,60448,7044,188,17352,12508,4844,712,776,0,0,0,483952,77928,245760,3180,131512,
135.60664,1009,62,63110,54312,1002,281,297851,59312,1803,31,56457,62500,1803,109,197265,62500,2515,31,78735,55875,1506,500,777343,55875,1802,31,56457,58125,1004,31,31372,58125,3291,203,720703,63000,2509,31,78369,63062,967904,612708,882276,23608,248036,0,271308,60760,60452,168,210856,60592,8,0,205536,136420,762368,476288,0,0,56,0,60464,7044,188,17352,12508,4844,712,776,0,0,0,483952,77928,245760,3180,131512,
137.678894,1009,46,63110,54312,1004,312,298339,59312,1805,31,56335,62500,1801,78,140380,62500,2504,31,78491,55875,1507,515,775390,55875,1799,31,56396,58125,1004,31,31433,58125,3295,187,617187,63062,2510,31,78491,63062,967904,612716,882284,23608,248036,0,271336,60760,60480,168,210856,60592,8,0,205536,136420,762368,476296,0,0,56,0,60492,7044,188,17344,12508,4836,712,776,0,0,0,483952,77928,245760,3180,131512,
139.759737,1008,78,63110,54312,1004,312,298339,59312,1808,31,56213,62500,1805,93,196777,62500,2508,31,78369,55937,1507,515,777343,55875,1801,31,56457,58062,1004,31,31372,58125,3294,203,617187,63062,2509,31,78491,63000,967904,612716,882284,23608,248036,0,271352,60760,60496,168,210856,60592,8,0,205536,136420,762368,476296,0,0,56,0,60508,7044,188,17344,12508,4836,712,776,0,0,0,483952,77928,245760,3180,131512,
141.833484,1009,62,47363,54312,1002,312,297851,59312,1806,31,56518,62500,1802,109,196777,62500,2513,31,117675,55937,1506,500,776367,55875,1801,31,56335,58125,1005,31,31433,58125,3288,203,617187,63062,2512,31,78369,63062,967904,612592,882156,23608,248036,0,271392,60760,60536,168,210856,60592,8,0,205536,136420,762368,476172,0,0,16,0,60516,7044,188,17308,12504,4804,712,776,0,0,0,483952,77928,245760,3180,131512,
143.907047,1010,93,94848,54375,999,296,282226,59312,1806,31,56396,62500,1801,109,196777,62500,2519,31,78735,55937,1507,515,776367,55875,1802,31,56335,58125,1002,31,31372,58125,3291,218,668945,63062,2509,31,78369,63000,967904,612560,882124,23608,248036,0,271392,60760,60536,168,210856,60592,8,0,205536,136420,762368,476140,0,0,16,0,60516,7044,188,17308,12504,4804,712,776,0,0,0,483952,77928,245760,3180,131512,
145.980517,1009,78,63232,54375,1004,296,312500,59312,1806,31,56396,62500,1802,109,197021,62500,2513,46,78857,55875,1504,500,776367,55875,1796,31,56213,58125,1004,31,31433,58125,3296,187,617187,63062,2509,31,78491,63062,967904,612560,882112,23608,248036,0,271392,60760,60536,168,210856,60592,8,0,205536,136420,762368,476140,0,0,16,0,60516,7044,188,17276,12492,4784,712,776,0,0,0,483952,77928,245760,3180,131512,
148.053398,1011,78,78979,54375,1005,281,297363,59312,1805,31,56213,62437,1799,125,225830,62500,2519,31,78735,55937,1507,500,752929,55937,1802,31,56396,58125,1004,31,31372,58125,3296,187,566406,63000,2509,31,78491,63062,967904,612560,882112,23608,248036,0,271392,60760,60536,168,210856,60592,8,0,205536,136420,762368,476140,0,0,16,0,60516,7044,188,17276,12492,4784,712,776,0,0,0,483952,77928,245760,3180,131512,
150.127367,1009,46,63232,54312,1001,281,281738,59312,1808,31,56457,62437,1801,109,196777,62500,2516,31,78735,55937,1506,515,776367,55875,1805,31,56396,58125,1004,31,31372,58125,3290,171,617187,63000,2513,31,78491,63000,967904,612592,882144,23608,248036,0,271392,60760,60536,168,210856,60592,8,0,205536,136420,762368,476172,0,0,16,0,60516,7044,188,17272,12492,4780,712,776,0,0,0,483952,77928,245760,3180,131512,
152.201224,1007,62,62988,54312,1002,281,282226,59312,1805,31,56518,62500,1803,109,196777,62500,2518,31,78735,55937,1506,515,776367,55875,1802,31,56396,58125,1004,31,31433,58187,3295,203,668945,63062,2510,31,78491,63062,967904,612584,882148,23608,248036,0,271392,60760,60536,168,210856,60592,8,0,205536,136420,762368,476164,0,0,4,0,60516,7044,188,17292,12504,4788,712,776,0,0,0,483952,77928,245760,3180,131512,
154.274474,1012,78,78979,54312,1002,296,281250,59250,1801,31,56518,62500,1802,93,168701,62500,2512,31,117919,55937,1505,515,752929,55875,1802,31,56396,58125,1003,31,31433,58125,3291,171,617187,63000,2510,31,78491,63062,967904,612584,882148,23608,248036,0,271392,60760,60536,168,210856,60592,8,0,205536,136420,762368,476164,0,0,4,0,60516,7044,188,17284,12504,4780,712,776,0,0,0,483952,77928,245760,3180,131512,
156.348792,1009,78,62988,54312,1004,296,298339,59250,1796,31,56457,62500,1799,78,168701,62500,2508,31,78491,55875,1506,500,777343,55875,1803,31,56274,58125,1005,31,31372,58125,3292,218,617187,63062,2510,31,78613,63062,967904,612584,882148,23608,248036,0,271392,60760,60536,168,210856,60592,8,0,205536,136420,762368,476164,0,0,4,0,60516,7044,188,17284,12504,4780,712,776,0,0,0,483952,77928,245760,3180,131512,
158.422171,1009,78,78979,54312,1000,296,313476,59250,1806,31,56518,62500,1798,78,225341,62500,2519,31,118041,55875,1505,515,776367,55937,1803,31,56152,58062,1004,31,31372,58125,3298,187,616210,63062,2510,31,78491,63062,967904,612592,882160,23616,248036,0,271392,60764,60536,168,210856,60596,8,0,205536,136420,762368,476172,0,0,16,0,60516,7044,188,17268,12504,4764,712,776,0,0,0,483952,77928,245760,3180,131512,
160.502406,1010,62,63232,54312,1004,296,297851,59312,1805,31,56335,62500,1801,109,168945,62500,2518,31,118041,55875,1507,515,776367,55875,1798,31,56457,58062,1001,31,31372,58125,3295,218,617187,63062,2510,31,78613,63062,967904,612592,882160,23616,248036,0,271392,60764,60536,168,210856,60596,8,0,205536,136420,762368,476172,0,0,16,0,60516,7044,188,17268,12504,4764,712,776,0,0,0,483952,77928,245760,3180,131512,
162.575913,1007,46,47302,54312,1002,281,267089,59312,1796,31,56335,62500,1801,109,197509,62500,2519,31,78735,55875,1506,515,776367,55875,1796,31,56213,58125,1003,31,31372,58125,3294,187,668945,63062,2510,31,78491,63000,967904,612560,882128,23616,248036,0,271392,60764,60536,168,210856,60596,8,0,205536,136420,762368,476140,0,0,16,0,60516,7044,188,17272,12504,4768,712,776,0,0,0,483952,77928,245760,3180,131512,
164.649384,1004,78,78979,54375,1003,296,297363,59312,1806,31,56396,62500,1801,125,224121,62500,2507,31,78247,55875,1507,515,776367,55875,1805,31,56396,58125,1006,31,31433,58125,3296,203,668945,63000,2510,31,78369,63000,967904,612592,882152,23616,248044,0,271392,60764,60536,168,210856,60596,8,0,205536,136420,762368,476172,0,0,28,0,60516,7044,188,17264,12496,4768,712,776,0,0,0,483952,77928,245760,3180,131512,
166.722762,1010,62,63232,54312,1001,296,313964,59312,1803,31,84594,62500,1796,109,197265,62500,2519,31,78857,55937,1507,500,753906,55875,1802,31,56396,58125,1004,31,31433,58125,3292,203,617187,63062,2513,31,78613,63062,967904,612584,882164,23616,248044,0,271396,60772,60536,168,210860,60604,8,0,205536,136420,762368,476164,0,0,24,0,60516,7044,188,17280,12504,4776,712,776,0,0,0,483952,77928,245760,3180,131512,
