t,VCCINT.V,VCCINT.I,VCCINT.P,VCCINT.T,VCCPINT.V,VCCPINT.I,VCCPINT.P,VCCPINT.T,VCCAUX.V,VCCAUX.I,VCCAUX.P,VCCAUX.T,VCCPAUX.V,VCCPAUX.I,VCCPAUX.P,VCCPAUX.T,VCCADJ.V,VCCADJ.I,VCCADJ.P,VCCADJ.T,VCC1V5.V,VCC1V5.I,VCC1V5.P,VCC1V5.T,VCCMIO_PS.V,VCCMIO_PS.I,VCCMIO_PS.P,VCCMIO_PS.T,VCCBRAM.V,VCCBRAM.I,VCCBRAM.P,VCCBRAM.T,VCC3V3.V,VCC3V3.I,VCC3V3.P,VCC3V3.T,VCC2V5.V,VCC2V5.I,VCC2V5.P,VCC2V5.T,M.MemTotal:,M.MemFree:,M.MemAvailable:,M.Buffers:,M.Cached:,M.SwapCached:,M.Active:,M.Inactive:,M.Active(anon):,M.Inactive(anon):,M.Active(file):,M.Inactive(file):,M.Unevictable:,M.Mlocked:,M.HighTotal:,M.HighFree:,M.LowTotal:,M.LowFree:,M.SwapTotal:,M.SwapFree:,M.Dirty:,M.Writeback:,M.AnonPages:,M.Mapped:,M.Shmem:,M.Slab:,M.SReclaimable:,M.SUnreclaim:,M.KernelStack:,M.PageTables:,M.NFS_Unstable:,M.Bounce:,M.WritebackTmp:,M.CommitLimit:,M.Committed_AS:,M.VmallocTotal:,M.VmallocUsed:,M.VmallocChunk:,
1422030807450151,1010,78,63110,54187,1003,343,360351,59125,1799,31,84716,62375,1798,93,168945,62375,2505,46,78247,55875,1504,515,776367,55875,1799,31,56335,58062,1004,31,31372,58062,3295,187,617187,62937,2512,31,78491,62937,967904,613992,882700,23292,247492,0,271004,59960,60208,168,210796,59792,8,0,205536,136480,762368,477512,0,0,176,0,60208,7008,188,17324,12508,4816,720,788,0,0,0,483952,75700,245760,3180,131512,
1422030809506277,1007,78,79223,54187,1000,343,346191,59125,1802,31,56457,62375,1802,125,197265,62375,2519,31,78613,55875,1504,515,776367,55875,1801,31,56396,58000,1002,31,31372,58062,3294,171,566406,62937,2513,31,78369,62937,967904,613992,882700,23292,247492,0,271072,59960,60276,168,210796,59792,8,0,205536,136480,762368,477512,0,0,176,0,60264,7056,188,17316,12508,4808,720,788,0,0,0,483952,75700,245760,3180,131512,
1422030811562329,1011,78,78979,54187,1003,312,345214,59125,1802,31,56396,62375,1801,125,196289,62375,2515,31,78735,55875,1506,515,776367,55875,1801,31,56335,58062,1002,31,31433,58125,3287,203,668945,62937,2513,31,78613,62937,967904,613992,882704,23300,247492,0,271072,59964,60276,168,210796,59796,8,0,205536,136480,762368,477512,0,0,184,0,60288,7056,188,17316,12508,4808,720,788,0,0,0,483952,75700,245760,3180,131512,
1422030813623155,1010,62,78979,54187,1006,375,361816,59125,1806,31,56396,62375,1801,93,169189,62375,2519,31,78735,55875,1506,515,776367,55875,1801,31,56396,58062,1004,31,31433,58125,3294,187,669921,62937,2515,31,78491,62937,967904,613992,882700,23300,247492,0,271072,59964,60276,168,210796,59796,8,0,205536,136480,762368,477512,0,0,184,0,60288,7056,188,17296,12504,4792,720,788,0,0,0,483952,75700,245760,3180,131512,
1422030815679761,1010,62,78857,54187,999,359,344238,59125,1808,31,56335,62375,1802,109,169189,62375,2518,31,157226,55875,1504,515,777343,55875,1802,31,56152,58062,1003,31,31433,58062,3291,203,668945,62937,2512,31,78369,62937,967904,613992,882700,23300,247492,0,271072,59964,60276,168,210796,59796,8,0,205536,136480,762368,477512,0,0,184,0,60288,7056,188,17296,12504,4792,720,788,0,0,0,483952,75700,245760,3180,131512,
1422030817736384,1008,78,63110,54187,1002,484,485351,59125,1802,31,56152,62375,1792,109,168701,62375,2519,46,78613,55875,1509,703,966796,55812,1801,31,56396,-500,1003,31,31311,58062,3291,203,616210,62937,2513,31,78491,62937,967904,565492,832252,23300,245540,0,321860,58016,111064,168,210796,57848,8,0,205536,125740,762368,439752,0,0,184,0,111132,7928,188,17284,12504,4780,736,916,0,0,0,483952,200764,245760,3180,131512,
1422030819840213,1010,78,63110,54187,1005,484,486328,59125,1802,31,56396,62375,1801,109,197021,62375,2516,31,78613,55875,1505,515,775390,55875,1808,31,56396,58062,1002,31,31372,58062,3288,187,668945,62937,2510,31,78491,62937,967904,509180,775940,23300,245540,0,377944,58016,167148,168,210796,57848,8,0,205536,113200,762368,395980,0,0,184,0,167200,7972,188,17288,12504,4784,768,1092,0,0,0,483952,262628,245760,3180,131512,
1422030821897481,1010,78,47302,54125,1004,578,580078,59125,1806,31,84228,62375,1801,125,225585,62375,2510,31,78491,55875,1507,500,751953,55812,1799,31,56213,58000,1002,31,31372,58062,3294,187,617187,62937,2513,31,78613,62937,967904,501108,767872,23300,245540,0,386124,58016,175328,168,210796,57848,8,0,205536,111460,762368,389648,0,0,168,0,175432,7972,188,17292,12508,4784,768,1100,0,0,0,483952,267688,245760,3180,131512,
1422030823956372,1006,62,78613,54125,1003,578,579101,59125,1806,31,56396,62375,1792,109,197021,62375,2519,46,78613,55875,1506,531,824218,55812,1806,31,56396,58000,1004,31,31372,58062,3290,203,618164,63000,2515,31,78369,62937,967904,485728,752624,23308,245664,0,401260,58148,190464,168,210796,57980,8,0,205536,107860,762368,377868,0,0,300,0,190456,7972,188,17292,12508,4784,768,1140,0,0,0,483952,279620,245760,3180,131512,
1422030826016461,1010,78,62988,54125,1006,546,564453,59125,1808,31,56396,62375,1801,93,197509,62375,2516,62,78613,55875,1506,500,752929,55812,1802,31,56335,58000,1004,31,31372,58000,3292,218,668945,62937,2508,31,78369,62937,967904,478168,745112,23308,245712,0,408840,58196,198044,168,210796,58028,8,0,205536,106120,762368,372048,0,0,172,0,198072,7972,188,17272,12508,4764,768,1140,0,0,0,483952,279620,245760,3180,131512,
1422030828077176,1009,62,47363,54125,1004,562,580078,59125,1802,31,56335,62375,1801,109,197265,62437,2516,46,117919,55875,1505,546,825195,55875,1803,31,56335,58062,1002,31,31372,58062,3287,171,566406,62937,2508,31,78613,62937,967904,476008,742976,23308,245744,0,410816,58220,200020,168,210796,58052,8,0,205536,105820,762368,370188,0,0,204,0,200076,7972,188,17276,12508,4768,768,1140,0,0,0,483952,279620,245760,3180,131512,
1422030830137339,1010,62,94970,54125,1004,562,578125,59125,1805,31,56335,62375,1794,93,169189,62437,2518,31,78735,55875,1505,531,823242,55812,1805,31,56396,58000,1004,31,31372,58000,3292,203,668945,62937,2512,31,78369,62937,967904,475148,742176,23316,245792,0,411724,58284,200928,168,210796,58116,8,0,205536,105580,762368,369568,0,0,256,0,200944,7972,188,17272,12504,4768,768,1148,0,0,0,483952,283596,245760,3180,131512,
1422030832197723,1010,78,94726,54187,1003,562,564453,59125,1802,31,56213,62375,1801,125,168945,62437,2519,46,117919,55875,1503,531,823242,55875,1803,31,56335,58062,1003,31,31433,58000,3287,203,618164,62937,2512,31,78491,62937,967904,472628,739712,23316,245848,0,414272,58340,203476,168,210796,58172,8,0,205536,104920,762368,367708,0,0,312,0,203508,7972,188,17272,12504,4768,768,1148,0,0,0,483952,283596,245760,3180,131512,
1422030834262770,1010,62,63232,54187,1002,578,580078,59125,1799,31,56518,62375,1799,109,197265,62437,2507,31,78369,55875,1506,531,800781,55875,1803,31,56396,58062,1006,31,31372,58062,3291,171,566406,62937,2510,31,78491,62937,967904,471584,738716,23324,245896,0,415212,58396,204416,168,210796,58228,8,0,205536,104620,762368,366964,0,0,368,0,204448,7972,188,17260,12496,4764,768,1148,0,0,0,483952,283596,245760,3180,131512,
1422030836331909,1010,62,62866,54187,1005,562,563476,59125,1806,31,56396,62375,1802,125,224853,62437,2512,31,117675,55875,1505,531,801757,55875,1801,31,56335,58062,1004,31,31372,58062,3294,171,566406,62937,2508,31,78613,62937,967904,471212,738356,23324,245952,0,415344,58408,204548,168,210796,58240,8,0,205536,104620,762368,366592,0,0,416,0,204604,7972,188,17260,12496,4764,768,1148,0,0,0,483952,283596,245760,3180,131512,
1422030838408771,1010,93,78979,54187,1004,562,564453,59125,1805,31,56213,62437,1799,93,168701,62437,2513,31,78369,55875,1503,531,824218,55875,1802,31,56274,58000,1004,31,31372,58062,3292,187,667968,62937,2513,31,78613,62937,967904,471032,738256,23324,245992,0,415600,58488,204804,168,210796,58320,8,0,205536,104440,762368,366592,0,0,456,0,204800,7972,188,17260,12496,4764,768,1148,0,0,0,483952,283596,245760,3180,131512,
1422030840487145,1009,78,94848,54187,1004,562,579101,59125,1806,31,56396,62375,1801,125,225585,62437,2518,31,78613,55875,1507,531,800781,55937,1805,31,56335,58000,1002,31,31372,58062,3292,187,617187,62937,2509,31,78491,62937,967904,470972,738224,23332,246012,0,415680,58516,204884,168,210796,58348,8,0,205536,104380,762368,366592,0,0,476,0,204864,7972,188,17260,12496,4764,768,1148,0,0,0,483952,283596,245760,3180,131512,
1422030842547399,1009,62,78979,54187,1004,578,579101,59125,1805,31,56396,62375,1805,109,225585,62375,2516,31,78613,55875,1506,515,799804,55875,1801,31,56335,58000,1003,31,31311,58062,3292,187,667968,62937,2513,31,78491,62937,967904,470848,738132,23332,246044,0,415748,58548,204952,168,210796,58380,8,0,205536,104380,762368,366468,0,0,508,0,204932,7972,188,17256,12496,4760,768,1148,0,0,0,483952,283596,245760,3180,131512,
1422030844608594,1010,46,63232,54187,1006,546,565429,59125,1808,31,56518,62375,1791,93,140625,62437,2519,31,78735,55875,1506,531,800781,55875,1803,31,56396,58000,1002,31,31372,58062,3292,203,667968,62937,2510,31,78369,63000,967904,470756,738072,23332,246076,0,415820,58576,205020,168,210800,58408,8,0,205536,104320,762368,366436,0,0,540,0,205000,7972,188,17256,12496,4760,768,1148,0,0,0,483952,283596,245760,3180,131512,
1422030846668812,1008,93,78979,54187,1002,546,564453,59125,1805,31,56213,62375,1801,125,197021,62437,2512,31,78369,55875,1504,531,848632,55875,1802,31,56396,58000,1004,31,31433,58062,3292,171,668945,62937,2513,31,78491,62937,967904,470604,737932,23340,246188,0,415932,58588,205132,168,210800,58420,8,0,205536,104260,762368,366344,0,0,656,0,205136,7972,188,17256,12496,4760,768,1148,0,0,0,483952,283596,245760,3180,131512,
1422030848740881,1010,93,110473,54187,1003,578,580078,59125,1805,31,56396,62375,1798,109,196777,62437,2518,31,118041,55875,1505,531,846679,55875,1802,31,56457,58062,1001,31,31372,58062,3292,203,668945,62937,2512,31,78735,63000,967904,470484,737972,23340,246236,0,415988,58748,205188,168,210800,58580,8,0,205536,104140,762368,366344,0,0,704,0,205192,7972,188,17256,12496,4760,768,1148,0,0,0,483952,283596,245760,3180,131512,
1422030850801597,1011,78,94726,54187,1002,593,594726,59125,1802,31,56335,62375,1798,93,168945,62437,2519,31,78491,55812,1508,515,752929,55875,1801,31,56518,58000,1004,31,31433,58000,3294,218,823242,62937,2513,31,78369,62937,967904,470416,737984,23344,246304,0,416012,58820,205212,168,210800,58652,8,0,205536,104080,762368,366336,0,0,28,748,205192,7972,188,17272,12504,4768,768,1148,0,0,0,483952,283596,245760,3180,131512,
1422030852861207,1010,93,79101,54187,1004,578,580078,59125,1802,31,56335,62375,1792,93,168701,62437,2516,31,78735,55875,1505,500,753906,55812,1803,31,56457,58000,1002,31,31433,58062,3291,187,617187,62937,2510,31,78491,62937,967904,470292,737900,23348,246388,0,416016,58860,205216,168,210800,58692,8,0,205536,104080,762368,366212,0,0,116,0,205196,7972,188,17272,12504,4768,768,1148,0,0,0,483952,283596,245760,3180,131512,
1422030854921074,1009,78,94848,54187,1004,578,563476,59125,1805,31,56518,62375,1795,93,169189,62437,2516,31,78613,55875,1506,531,799804,55875,1798,31,56335,58000,1004,31,31372,58000,3291,203,667968,62937,2513,31,78491,62937,967904,470176,737876,23348,246476,0,415988,58952,205188,168,210800,58784,8,0,205536,104080,762368,366096,0,0,204,0,205180,7972,188,17272,12504,4768,760,1148,0,0,0,483952,283596,245760,3180,131512,
1422030856981200,1007,93,94726,54187,1002,562,566406,59125,1801,31,56457,62375,1805,109,168945,62375,2507,31,117675,55875,1506,515,800781,55875,1801,31,56274,58000,1001,31,31372,58000,3294,203,668945,62937,2505,31,78491,62937,967904,470020,737876,23356,246580,0,416004,59108,205204,168,210800,58940,8,0,205536,104080,762368,365940,0,0,316,0,205196,7972,188,17272,12504,4768,760,1148,0,0,0,483952,283596,245760,3180,131512,
1422030859055850,1008,93,94604,54187,1004,546,548828,59125,1802,31,56396,62437,1801,125,225341,62437,2508,31,78369,55875,1504,531,824218,55875,1805,31,56152,58062,1003,31,31372,58062,3295,187,617187,62937,2513,31,78491,62937,967904,469936,737856,23356,246688,0,416004,59172,205204,168,210800,59004,8,0,205536,104080,762368,365856,0,0,416,0,205196,7972,188,17264,12504,4760,760,1148,0,0,0,483952,283596,245760,3180,131512,
1422030861117137,1008,78,78735,54187,1001,578,564453,59125,1798,31,56518,62437,1805,125,224853,62437,2519,46,118164,55875,1507,515,776367,55812,1802,31,56213,58000,1003,31,31372,58000,3290,171,617187,62937,2510,31,78491,62937,967904,469936,737952,23356,246740,0,416016,59268,205216,168,210800,59100,8,0,205536,104080,762368,365856,0,0,452,0,205196,7972,188,17264,12504,4760,760,1148,0,0,0,483952,283596,245760,3180,131512,
1422030863180562,1010,93,94848,54187,1004,578,580078,59125,1806,31,56335,62437,1796,109,197265,62437,2519,31,78613,55875,1507,531,777343,55875,1801,31,56213,58000,1004,31,31372,58000,3291,203,619140,62937,2515,31,78491,62937,967904,469780,737872,23364,246832,0,416016,59352,205216,168,210800,59184,8,0,205536,104080,762368,365700,0,0,544,0,205196,7972,188,17260,12496,4764,760,1148,0,0,0,483952,283596,245760,3180,131512,
1422030865242402,1007,78,63110,54187,1004,578,595703,59125,1808,31,56335,62437,1798,93,168212,62437,2520,31,118041,55875,1506,531,824218,55812,1802,31,56396,58000,1004,31,31372,58062,3291,187,566406,62937,2507,31,78491,62937,967904,469688,737900,23364,246916,0,416016,59472,205216,168,210800,59304,8,0,205536,104080,762368,365608,0,0,628,0,205196,7972,188,17260,12496,4764,760,1148,0,0,0,483952,283596,245760,3180,131512,
1422030867314896,1010,62,78857,54187,1005,562,565429,59187,1802,31,56335,62437,1805,109,140869,62437,2515,31,118164,55875,1507,515,799804,55875,1806,31,56274,58000,1003,31,31311,58000,3290,171,565429,62875,2510,31,78491,62937,967904,469628,737896,23372,247008,0,416016,59528,205216,168,210800,59360,8,0,205536,104020,762368,365608,0,0,728,0,205196,7972,188,17256,12496,4760,760,1148,0,0,0,483952,283596,245760,3180,131512,
1422030869374801,1010,93,94726,54187,1004,578,595703,59187,1808,31,56457,62375,1803,125,225097,62375,2518,31,78613,55937,1507,531,824218,55875,1801,31,56335,58062,1002,31,31433,58062,3290,187,617187,62875,2508,31,78369,62875,967904,469536,737892,23372,247104,0,416016,59616,205216,168,210800,59448,8,0,205536,103960,762368,365576,0,0,816,0,205196,7972,188,17256,12496,4760,760,1148,0,0,0,483952,283596,245760,3180,131512,
1422030871436511,1010,62,78979,54187,1003,562,564453,59187,1805,31,56457,62375,1792,109,168701,62437,2518,31,78613,55875,1507,546,799804,55875,1802,31,56396,58000,1004,31,31311,58000,3295,234,668945,62875,2512,31,78613,62937,967904,469560,737984,23372,247188,0,416016,59676,205216,168,210800,59508,8,0,205536,103960,762368,365600,0,0,48,564,205196,7972,188,17268,12504,4764,760,1148,0,0,0,483952,283596,245760,3180,131512,
1422030873496619,1012,93,78735,54187,1000,578,580078,59125,1805,31,56213,62437,1803,93,197265,62437,2515,31,78613,55875,1507,546,825195,55875,1803,31,56396,58000,1004,31,31372,58000,3291,203,667968,62937,2510,31,78491,62937,967904,469436,737956,23380,247244,0,416016,59772,205216,168,210800,59604,8,0,205536,103960,762368,365476,0,0,124,0,205196,7972,188,17268,12504,4764,760,1148,0,0,0,483952,283596,245760,3180,131512,
1422030875556486,1009,93,94604,54187,1004,578,564453,59125,1799,46,56213,62437,1803,109,168945,62437,2508,31,78369,55875,1506,500,777343,55812,1803,31,56152,58000,1004,31,31433,58000,3288,187,565429,62937,2509,31,78491,62937,967904,469312,737928,23380,247348,0,416016,59868,205216,168,210800,59700,8,0,205536,103960,762368,365352,0,0,228,0,205196,7972,188,17268,12504,4764,760,1148,0,0,0,483952,283596,245760,3180,131512,
1422030877616151,1011,78,94726,54187,1004,546,564453,59125,1805,46,56457,62437,1805,93,140869,62437,2502,31,78491,55875,1507,515,799804,55875,1805,31,56091,58000,1001,31,31372,58000,3291,187,617187,62937,2509,31,78491,62937,967904,469320,737988,23380,247428,0,416016,59920,205216,168,210800,59752,8,0,205536,103960,762368,365360,0,0,308,0,205196,7972,188,17260,12504,4756,760,1148,0,0,0,483952,283596,245760,3180,131512,
1422030879678028,1012,93,78979,54187,1002,468,469238,59125,1810,31,56274,62437,1799,93,197021,62437,2508,31,117553,55875,1507,500,752929,55812,1806,31,56396,58062,1004,31,31433,58062,3292,218,719726,62937,2509,31,78491,62937,967904,613448,882220,23388,247444,0,270856,60296,60328,168,210528,60128,8,0,205536,136108,762368,477340,0,0,64,360,60308,7052,188,17260,12504,4756,760,848,0,0,0,483952,76784,245760,3180,131512,
1422030881737711,1009,78,63110,54187,1003,343,344726,59187,1799,31,56335,62437,1801,109,225341,62437,2507,31,117797,55875,1506,515,777343,55812,1802,31,56335,58062,1004,31,31372,58062,3288,203,566406,62937,2510,31,78491,62937,967904,613524,882344,23388,247508,0,270760,60368,60260,168,210500,60200,8,0,205536,136120,762368,477404,0,0,24,0,60240,7056,188,17280,12508,4772,712,776,0,0,0,483952,76784,245760,3180,131512,
1422030883793690,1009,93,78735,54187,1000,375,360839,59187,1805,31,56457,62437,1794,125,168212,62437,2516,31,78857,55875,1507,515,776367,55875,1805,31,56457,58062,1005,31,31372,58062,3295,171,566406,62937,2510,31,78613,63000,967904,613524,882344,23388,247508,0,270760,60368,60260,168,210500,60200,8,0,205536,136120,762368,477404,0,0,24,0,60240,7056,188,17280,12508,4772,712,776,0,0,0,483952,76784,245760,3180,131512,
1422030885850535,1011,78,94482,54187,1004,359,330078,59187,1808,31,56152,62437,1799,125,169189,62437,2520,31,118041,55875,1506,515,776367,55812,1802,31,56335,58062,1002,31,31372,58125,3288,171,565429,62937,2512,31,78491,62937,967904,613524,882352,23396,247516,0,270768,60368,60260,168,210508,60200,8,0,205536,136120,762368,477404,0,0,60,0,60240,7056,188,17268,12508,4760,712,776,0,0,0,483952,76784,245760,3180,131512,
1422030887906568,1009,78,94604,54187,1004,359,361328,59187,1803,31,56457,62437,1796,109,197265,62437,2513,31,78491,55875,1505,500,753906,55812,1805,31,56335,58062,1005,31,31311,58062,3292,187,617187,63000,2512,31,78491,63000,967904,613524,882352,23396,247516,0,270768,60368,60260,168,210508,60200,8,0,205536,136120,762368,477404,0,0,60,0,60240,7056,188,17268,12508,4760,712,776,0,0,0,483952,76784,245760,3180,131512,
1422030889966639,1008,93,78857,54187,1004,328,343261,59187,1806,31,56518,62437,1802,109,168212,62437,2518,31,78735,55875,1507,515,752929,55875,1798,31,56335,58062,1003,31,31433,58062,3294,218,668945,63000,2515,31,78369,63000,967904,613532,882360,23404,247512,0,270768,60368,60260,168,210508,60200,8,0,205536,136120,762368,477412,0,0,60,0,60240,7056,188,17256,12508,4748,712,776,0,0,0,483952,76784,245760,3180,131512,
1422030892023908,1009,93,78857,54250,1005,359,376464,59187,1796,31,56396,62437,1803,93,168945,62500,2515,31,78735,55875,1507,515,776367,55875,1802,31,56396,58062,1006,31,31311,58062,3294,187,668945,63000,2513,31,78613,63000,967904,613532,882364,23404,247516,0,270768,60372,60260,168,210508,60204,8,0,205536,136120,762368,477412,0,0,60,0,60240,7056,188,17256,12508,4748,712,776,0,0,0,483952,76784,245760,3180,131512,
1422030894080273,1009,93,78857,54187,1004,375,375488,59187,1806,31,56213,62437,1795,109,196533,62500,2518,31,78735,55875,1506,515,752929,55875,1803,31,56396,58062,1003,31,31433,58062,3292,203,617187,63000,2510,31,78491,63000,967904,613532,882364,23404,247516,0,270768,60372,60260,168,210508,60204,8,0,205536,136120,762368,477412,0,0,60,0,60240,7056,188,17256,12508,4748,712,776,0,0,0,483952,76784,245760,3180,131512,
1422030896136547,1007,62,78979,54250,1004,343,361328,59187,1808,31,56396,62437,1805,109,196533,62500,2518,31,78735,55875,1504,500,753906,55875,1803,31,56396,58000,1003,31,31372,58062,3291,187,565429,63000,2510,31,78369,63000,967904,613532,882364,23404,247516,0,270768,60372,60260,168,210508,60204,8,0,205536,136120,762368,477412,0,0,60,0,60240,7056,188,17256,12508,4748,712,776,0,0,0,483952,76784,245760,3180,131512,
1422030898192857,1007,78,63110,54187,1003,375,361328,59187,1795,31,84472,62437,1802,109,197021,62500,2516,31,78735,55875,1502,500,776367,55875,1805,31,56457,58062,1005,31,31372,58062,3290,171,616210,63000,2515,31,78491,63000,967904,613532,882348,23404,247516,0,270768,60372,60260,168,210508,60204,8,0,205536,136120,762368,477412,0,0,60,0,60240,7056,188,17240,12492,4748,712,776,0,0,0,483952,76784,245760,3180,131512,
1422030900249702,1006,78,78857,54187,1001,359,361328,59187,1806,31,84594,62437,1802,93,168701,62500,2519,62,78735,55875,1504,515,776367,55875,1799,31,56213,58062,1004,31,31372,58062,3291,203,566406,63000,2512,31,78491,63000,967904,613500,882316,23404,247516,0,270768,60372,60260,168,210508,60204,8,0,205536,136120,762368,477380,0,0,60,0,60240,7056,188,17240,12492,4748,712,776,0,0,0,483952,76784,245760,3180,131512,
1422030902306454,1009,78,63232,54187,1004,359,360839,59125,1805,31,56457,62437,1802,109,168701,62500,2519,31,78491,55875,1506,515,777343,55875,1798,31,56396,58062,1004,31,31372,58125,3295,171,667968,63000,2510,31,78369,63000,967904,613524,882364,23404,247516,0,270768,60384,60260,168,210508,60216,8,0,205536,136120,762368,477404,0,0,0,0,60240,7056,188,17264,12504,4760,712,776,0,0,0,483952,76784,245760,3180,131512,
1422030904363170,1011,78,62988,54187,1003,343,313476,59125,1806,31,56396,62437,1801,93,197021,62500,2520,31,78735,55875,1506,515,753906,55875,1801,31,56335,58062,1005,31,31372,58125,3291,171,566406,63000,2507,31,78491,62937,967904,613524,882364,23404,247516,0,270768,60384,60260,168,210508,60216,8,0,205536,136120,762368,477404,0,0,0,0,60240,7056,188,17264,12504,4760,712,776,0,0,0,483952,76784,245760,3180,131512,
1422030906420070,1009,93,94482,54250,1003,359,361328,59125,1803,31,56457,62437,1798,125,225097,62437,2519,31,78735,55875,1506,500,777343,55875,1796,31,56335,58000,1004,31,31372,58062,3295,187,617187,63000,2510,31,78491,63000,967904,613524,882368,23412,247516,0,270768,60388,60260,168,210508,60220,8,0,205536,136120,762368,477404,0,0,20,0,60240,7056,188,17268,12504,4764,712,776,0,0,0,483952,76784,245760,3180,131512,
1422030908476196,1010,93,63232,54187,1000,375,344238,59187,1803,31,56213,62437,1799,93,225341,62437,2518,31,78735,55875,1506,515,775390,55875,1805,31,56274,58062,1004,31,31433,58062,3295,203,668945,62937,2513,31,78491,63000,967904,613524,882368,23412,247516,0,270768,60388,60260,168,210508,60220,8,0,205536,136120,762368,477404,0,0,20,0,60240,7056,188,17268,12504,4764,712,776,0,0,0,483952,76784,245760,3180,131512,
1422030910537280,1012,62,78735,54250,1005,375,329589,59187,1805,31,56396,62437,1796,109,224853,62437,2516,31,78735,55875,1506,515,776367,55875,1798,31,56091,58000,1004,31,31372,58062,3294,203,667968,62937,2512,31,78369,63000,967904,613532,882368,23412,247516,0,270768,60388,60260,168,210508,60220,8,0,205536,136120,762368,477412,0,0,20,0,60240,7056,188,17252,12496,4756,712,776,0,0,0,483952,76784,245760,3180,131512,
1422030912594162,1008,93,94970,54187,1004,343,376464,59187,1808,46,56274,62437,1801,93,168945,62437,2516,31,78735,55875,1506,500,778320,55875,1802,31,56274,58062,1004,31,31433,58062,3292,187,617187,62937,2509,31,78369,63000,967904,613500,882336,23412,247516,0,270768,60388,60260,168,210508,60220,8,0,205536,136120,762368,477380,0,0,0,0,60240,7056,188,17256,12496,4760,712,776,0,0,0,483952,76784,245760,3180,131512,
1422030914651099,1009,93,78979,54187,1000,359,358886,59187,1809,31,56457,62437,1802,125,224853,62437,2518,31,78735,55875,1506,515,776367,55875,1801,31,56396,58062,1003,31,31433,58062,3285,171,617187,62937,2509,31,78369,63000,967904,613532,882364,23412,247516,0,270768,60388,60260,168,210508,60220,8,0,205536,136120,762368,477412,0,0,0,0,60240,7056,188,17252,12492,4760,712,776,0,0,0,483952,76784,245760,3180,131512,
1422030916706450,1008,78,78979,54187,999,359,344238,59187,1802,31,56396,62437,1803,93,169189,62500,2519,31,78735,55875,1504,515,751953,55875,1806,31,56396,58062,1003,31,31433,58062,3290,203,668945,62937,2508,31,78491,63000,967904,613532,882364,23412,247516,0,270768,60388,60260,168,210508,60220,8,0,205536,136120,762368,477412,0,0,0,0,60240,7056,188,17252,12492,4760,712,776,0,0,0,483952,76784,245760,3180,131512,
1422030918763332,1010,62,63232,54187,999,375,360839,59187,1806,31,56213,62437,1799,109,197021,62437,2516,31,78735,55875,1506,515,776367,55875,1803,31,56213,58000,1004,31,31372,58062,3296,187,617187,62937,2515,31,78613,62937,967904,613500,882332,23412,247516,0,270768,60388,60260,168,210508,60220,8,0,205536,136120,762368,477380,0,0,0,0,60240,7056,188,17248,12492,4756,712,776,0,0,0,483952,76784,245760,3180,131512,
1422030920818813,1010,78,78979,54250,1001,375,376464,59187,1806,31,56396,62437,1802,109,225097,62437,2515,31,78613,55875,1504,515,775390,55875,1803,31,56335,58000,1004,31,31433,58062,3292,171,668945,62937,2515,31,78613,63000,967904,613532,882364,23412,247516,0,270768,60388,60260,168,210508,60220,8,0,205536,136120,762368,477412,0,0,0,0,60240,7056,188,17248,12492,4756,712,776,0,0,0,483952,76784,245760,3180,131512,
1422030922875547,1009,62,63232,54250,1004,328,345214,59187,1798,31,56518,62437,1805,109,197021,62437,2519,31,78491,55875,1503,500,776367,55875,1801,31,56335,58062,1003,31,31372,58062,3295,203,668945,62937,2515,31,78613,62937,967904,613532,882364,23412,247516,0,270768,60388,60260,168,210508,60220,8,0,205536,136120,762368,477412,0,0,0,0,60240,7056,188,17248,12492,4756,712,776,0,0,0,483952,76784,245760,3180,131512,
1422030924933092,1009,78,78979,54187,1006,328,330078,59187,1808,31,56457,62437,1801,109,197021,62437,2518,31,78735,55875,1503,515,776367,55875,1803,31,56396,58000,1005,31,31372,58062,3295,187,617187,63000,2509,31,78613,63000,967904,613532,882364,23412,247516,0,270768,60388,60260,168,210508,60220,8,0,205536,136120,762368,477412,0,0,0,0,60240,7056,188,17248,12492,4756,712,776,0,0,0,483952,76784,245760,3180,131512,
1422030926990195,1010,62,62866,54187,1004,375,345214,59187,1803,31,56396,62437,1794,93,168701,62437,2509,62,78369,55875,1507,515,799804,55875,1805,31,56396,58062,1002,31,31433,58062,3296,203,668945,63000,2509,31,78491,63000,967904,613532,882376,23412,247524,0,270772,60392,60260,168,210512,60224,8,0,205536,136120,762368,477412,0,0,12,0,60240,7056,188,17244,12496,4748,712,776,0,0,0,483952,76784,245760,3180,131512,
1422030929046782,1009,62,63232,54187,1002,328,361328,59125,1805,31,56274,62500,1801,109,168945,62500,2515,31,118164,55875,1507,515,753906,55812,1803,31,56274,58062,1001,31,31433,58062,3296,171,565429,63000,2509,31,78491,62937,967904,613532,882376,23412,247524,0,270772,60392,60260,168,210512,60224,8,0,205536,136120,762368,477412,0,0,12,0,60240,7056,188,17244,12496,4748,712,776,0,0,0,483952,76784,245760,3180,131512,
1422030931103129,1008,46,63110,54187,1002,343,345703,59187,1801,31,56274,62437,1801,125,252929,62500,2513,31,78735,55875,1506,515,776367,55812,1801,31,56396,58062,1003,31,31433,58062,3292,187,566406,63000,2509,31,78491,63000,967904,613492,882344,23420,247516,0,270772,60392,60260,168,210512,60224,8,0,205536,136120,762368,477372,0,0,0,0,60240,7056,188,17260,12504,4756,712,776,0,0,0,483952,76784,245760,3180,131512,
1422030933164066,1007,78,78979,54187,1003,375,376464,59187,1805,31,56335,62437,1801,93,168945,62500,2520,31,78735,55875,1504,515,776367,55812,1802,31,56335,58000,1005,31,31311,58062,3294,203,668945,63000,2510,31,78491,63000,967904,613524,882376,23420,247524,0,270772,60392,60260,168,210512,60224,8,0,205536,136120,762368,477404,0,0,12,0,60240,7056,188,17260,12504,4756,712,776,0,0,0,483952,76784,245760,3180,131512,
1422030935220929,1012,62,62988,54250,1001,343,361816,59187,1803,31,56335,62437,1801,93,168945,62437,2519,31,78735,55875,1503,500,752929,55812,1803,31,56335,58062,1004,31,31372,58062,3296,187,566406,63000,2512,31,78491,63000,967904,613524,882376,23420,247524,0,270772,60392,60260,168,210512,60224,8,0,205536,136120,762368,477404,0,0,12,0,60240,7056,188,17260,12504,4756,712,776,0,0,0,483952,76784,245760,3180,131512,
1422030937277497,1011,62,63232,54250,1003,328,328125,59187,1805,31,56396,62437,1801,93,197265,62437,2518,31,78735,55812,1506,515,777343,55812,1805,31,56396,58062,1003,31,31372,58062,3296,187,617187,63000,2512,31,78491,63000,967904,613524,882380,23424,247524,0,270772,60396,60260,168,210512,60228,8,0,205536,136120,762368,477404,0,0,0,0,60240,7056,188,17260,12504,4756,712,776,0,0,0,483952,76784,245760,3180,131512,
1422030939333807,1012,62,63110,54250,1004,343,345214,59187,1802,31,56518,62437,1795,109,196777,62437,2508,31,78369,55812,1506,500,776367,55812,1802,31,56335,58062,1004,31,31372,58062,3292,187,668945,63000,2508,31,78613,63000,967904,613532,882384,23424,247524,0,270772,60396,60260,168,210512,60228,8,0,205536,136120,762368,477412,0,0,0,0,60240,7056,188,17248,12500,4748,712,776,0,0,0,483952,76784,245760,3180,131512,
1422030941390191,1009,93,78979,54250,1002,343,344238,59187,1805,31,56396,62437,1799,93,168701,62437,2509,31,117675,55875,1507,515,776367,55875,1802,31,56396,58000,1004,31,31372,58062,3292,187,668945,63000,2509,31,78491,63000,967904,613500,882352,23424,247524,0,270772,60396,60260,168,210512,60228,8,0,205536,136120,762368,477380,0,0,0,0,60240,7056,188,17248,12500,4748,712,776,0,0,0,483952,76784,245760,3180,131512,
1422030943446649,1008,78,78979,54250,1002,343,361328,59250,1806,31,56152,62437,1801,125,224853,62437,2518,31,78735,55812,1506,515,777343,55812,1796,31,56213,58062,1004,31,31433,58125,3296,171,668945,63000,2512,31,78369,63000,967904,613532,882368,23424,247524,0,270772,60396,60260,168,210512,60228,8,0,205536,136120,762368,477412,0,0,0,0,60240,7056,188,17232,12484,4748,712,776,0,0,0,483952,76784,245760,3180,131512,
1422030945503033,1010,78,78979,54250,1001,359,376953,59250,1805,31,56335,62437,1796,93,168945,62437,2513,31,78613,55875,1506,515,752929,55812,1801,31,56396,58062,1001,31,31433,58062,3288,171,566406,63000,2513,31,78491,63000,967904,613532,882368,23424,247524,0,270772,60396,60260,168,210512,60228,8,0,205536,136120,762368,477412,0,0,0,0,60240,7056,188,17232,12484,4748,712,776,0,0,0,483952,76784,245760,3180,131512,
1422030947559307,1009,93,94482,54250,1002,375,391601,59187,1806,31,56457,62437,1806,93,168457,62437,2513,46,117919,55875,1507,500,776367,55875,1803,31,56396,58062,1004,31,31372,58062,3288,203,617187,63000,2515,31,78491,63000,967904,613532,882368,23424,247524,0,270772,60396,60260,168,210512,60228,8,0,205536,136120,762368,477412,0,0,0,0,60240,7056,188,17232,12484,4748,712,776,0,0,0,483952,76784,245760,3180,131512,
1422030949661918,1009,46,78979,54250,1004,343,361328,59187,1801,31,56152,62437,1801,125,197265,62437,2516,31,78735,55875,1504,515,778320,55875,1801,31,56396,58062,1004,31,31372,58062,3291,187,618164,63000,2508,31,78491,63000,967904,613532,882368,23424,247524,0,270772,60396,60260,168,210512,60228,8,0,205536,136120,762368,477412,0,0,0,0,60240,7056,188,17232,12484,4748,712,776,0,0,0,483952,76784,245760,3180,131512,
1422030951718339,1008,78,63232,54250,1000,359,375488,59187,1805,31,56152,62500,1805,109,197265,62437,2516,31,78735,55875,1504,500,752929,55875,1799,31,56396,58062,1001,31,31372,58125,3294,203,617187,63000,2510,31,78613,63000,967904,613532,882368,23424,247524,0,270772,60396,60260,168,210512,60228,8,0,205536,136120,762368,477412,0,0,0,0,60240,7056,188,17232,12484,4748,712,776,0,0,0,483952,76784,245760,3180,131512,
1422030953774668,1008,78,94482,54250,1004,343,361816,59187,1806,31,84350,62437,1803,109,197265,62437,2513,31,78735,55875,1507,500,776367,55875,1802,31,56396,58062,1003,31,31433,58125,3295,203,720703,63000,2512,31,78369,63000,967904,613500,882336,23424,247524,0,270772,60396,60260,168,210512,60228,8,0,205536,136120,762368,477380,0,0,0,0,60240,7056,188,17232,12484,4748,712,776,0,0,0,483952,76784,245760,3180,131512,
1422030955830812,1009,62,78735,54250,1005,359,359863,59187,1802,31,56213,62437,1801,109,168701,62437,2515,31,78613,55875,1505,515,777343,55812,1802,31,56396,58062,1004,31,31311,58062,3294,187,617187,63062,2512,31,78247,63062,967904,613532,882368,23424,247524,0,270772,60396,60260,168,210512,60228,8,0,205536,136120,762368,477412,0,0,0,0,60240,7056,188,17232,12484,4748,712,776,0,0,0,483952,76784,245760,3180,131512,
1422030957886532,1012,78,63232,54250,1004,390,376953,59250,1802,31,56518,62500,1802,93,169433,62500,2516,46,78735,55875,1506,500,777343,55812,1808,31,56335,58062,1002,31,31433,58062,3292,187,618164,63062,2510,31,78491,63062,967904,613532,882368,23424,247524,0,270772,60396,60260,168,210512,60228,8,0,205536,136120,762368,477412,0,0,0,0,60240,7056,188,17232,12484,4748,712,776,0,0,0,483952,76784,245760,3180,131512,
1422030959942990,1009,62,78979,54250,1002,359,345703,59187,1803,31,56396,62500,1802,93,197265,62500,2512,62,118041,55875,1506,515,776367,55875,1798,31,56274,58125,1005,31,31433,58125,3292,203,617187,63062,2512,31,78491,63062,967904,613532,882368,23424,247524,0,270772,60396,60260,168,210512,60228,8,0,205536,136120,762368,477412,0,0,0,0,60240,7056,188,17232,12484,4748,712,776,0,0,0,483952,76784,245760,3180,131512,
1422030961998508,1009,78,62988,54250,1003,343,360351,59187,1808,31,56396,62500,1794,109,168701,62562,2519,31,78735,55875,1505,515,752929,55812,1801,31,56274,58062,1004,31,31372,58125,3292,187,617187,63062,2508,31,78613,63062,967904,613532,882368,23424,247524,0,270772,60396,60260,168,210512,60228,8,0,205536,136120,762368,477412,0,0,0,0,60240,7056,188,17232,12484,4748,712,776,0,0,0,483952,76784,245760,3180,131512,
1422030964054173,1009,62,78979,54250,1003,375,376464,59250,1808,31,56396,62500,1802,93,169189,62500,2515,31,78613,55875,1504,515,776367,55812,1802,31,56335,58062,1004,31,31433,58062,3295,187,565429,63062,2516,31,78491,63062,967904,613500,882336,23424,247524,0,270772,60396,60260,168,210512,60228,8,0,205536,136120,762368,477380,0,0,0,0,60240,7056,188,17232,12484,4748,712,776,0,0,0,483952,76784,245760,3180,131512,
1422030966109949,1009,62,47424,54250,1002,359,345214,59250,1802,31,56335,62500,1798,125,224365,62562,2518,46,118041,55875,1502,515,776367,55875,1802,31,56335,58062,1003,31,31372,58062,3290,187,668945,63062,2509,31,78369,63062,967904,613500,882336,23424,247524,0,270772,60396,60260,168,210512,60228,8,0,205536,136120,762368,477380,0,0,0,0,60240,7056,188,17232,12484,4748,712,776,0,0,0,483952,76784,245760,3180,131512,
1422030968166462,1010,62,63232,54250,1004,359,361328,59250,1806,31,56396,62500,1799,125,225585,62562,2519,31,117675,55875,1506,515,776367,55875,1801,31,56213,58062,1002,31,31372,58062,3290,171,566406,63062,2512,31,78491,63062,967904,613532,882388,23424,247532,0,270776,60400,60260,168,210516,60232,8,0,205536,136120,762368,477412,0,0,12,0,60240,7056,188,17244,12496,4748,712,776,0,0,0,483952,76784,245760,3180,131512,
1422030970222883,1006,78,78857,54250,1004,359,377441,59250,1808,31,56274,62562,1798,93,169189,62562,2519,31,118041,55875,1506,515,777343,55875,1801,31,56396,58062,1005,31,31372,58062,3292,171,515625,63062,2513,31,78369,63062,967904,613532,882388,23424,247532,0,270776,60400,60260,168,210516,60232,8,0,205536,136120,762368,477412,0,0,12,0,60240,7056,188,17244,12496,4748,712,776,0,0,0,483952,76784,245760,3180,131512,
