t,VCCINT.V,VCCINT.I,VCCINT.P,VCCINT.T,VCCPINT.V,VCCPINT.I,VCCPINT.P,VCCPINT.T,VCCAUX.V,VCCAUX.I,VCCAUX.P,VCCAUX.T,VCCPAUX.V,VCCPAUX.I,VCCPAUX.P,VCCPAUX.T,VCCADJ.V,VCCADJ.I,VCCADJ.P,VCCADJ.T,VCC1V5.V,VCC1V5.I,VCC1V5.P,VCC1V5.T,VCCMIO_PS.V,VCCMIO_PS.I,VCCMIO_PS.P,VCCMIO_PS.T,VCCBRAM.V,VCCBRAM.I,VCCBRAM.P,VCCBRAM.T,VCC3V3.V,VCC3V3.I,VCC3V3.P,VCC3V3.T,VCC2V5.V,VCC2V5.I,VCC2V5.P,VCC2V5.T,M.MemTotal:,M.MemFree:,M.MemAvailable:,M.Buffers:,M.Cached:,M.SwapCached:,M.Active:,M.Inactive:,M.Active(anon):,M.Inactive(anon):,M.Active(file):,M.Inactive(file):,M.Unevictable:,M.Mlocked:,M.HighTotal:,M.HighFree:,M.LowTotal:,M.LowFree:,M.SwapTotal:,M.SwapFree:,M.Dirty:,M.Writeback:,M.AnonPages:,M.Mapped:,M.Shmem:,M.Slab:,M.SReclaimable:,M.SUnreclaim:,M.KernelStack:,M.PageTables:,M.NFS_Unstable:,M.Bounce:,M.WritebackTmp:,M.CommitLimit:,M.Committed_AS:,M.VmallocTotal:,M.VmallocUsed:,M.VmallocChunk:,
1421624524788771,1010,78,63110,47437,1004,359,391601,52437,1802,31,56213,55625,1803,109,168945,55625,2508,31,78369,48937,1507,531,801757,48875,1805,31,56274,51187,1002,31,31372,51187,3291,218,720703,56187,2508,31,78369,56187,967904,671272,920088,10856,235576,0,144448,125344,23388,168,121060,125176,8,0,205536,144640,762368,526632,0,0,88,0,23368,4516,188,21656,16968,4688,616,532,0,0,0,483952,36692,245760,3180,131656,
1421624526868914,1006,78,47302,47500,1004,328,344238,52500,1796,31,56457,55625,1801,109,168945,55625,2516,31,78735,48937,1506,515,776367,48875,1802,31,56335,51187,1002,31,31372,51187,3294,187,667968,56187,2510,31,78491,56187,967904,671320,920140,10856,235576,0,144492,125344,23432,168,121060,125176,8,0,205536,144640,762368,526680,0,0,88,0,23412,4488,188,21668,16972,4696,632,552,0,0,0,483952,36692,245760,3180,131656,
1421624528948799,1010,62,63110,47500,1002,281,267089,52500,1808,31,56457,55625,1802,109,197509,55625,2509,31,78491,48937,1506,500,799804,48937,1802,31,56396,51187,1004,31,31372,51187,3285,140,617187,56187,2513,31,78369,56187,967904,671320,920140,10856,235576,0,144516,125344,23456,168,121060,125176,8,0,205536,144640,762368,526680,0,0,88,0,23436,4488,188,21668,16972,4696,632,552,0,0,0,483952,36692,245760,3180,131656,
1421624531047448,1012,62,63232,47500,1001,343,329589,52500,1803,31,56518,55562,1799,109,197021,55625,2509,46,78491,48937,1504,531,778320,48875,1805,31,56335,51187,1004,31,31372,51187,3291,218,719726,56187,2512,31,78491,56187,967904,671320,920140,10864,235572,0,144516,125344,23456,168,121060,125176,8,0,205536,144640,762368,526680,0,0,88,0,23436,4488,188,21668,16972,4696,632,552,0,0,0,483952,36692,245760,3180,131656,
1421624533138539,1010,62,78735,47500,1006,343,360839,52437,1803,31,56396,55562,1803,109,196777,55625,2519,46,118164,48937,1507,515,775390,48875,1802,31,56396,51187,1003,31,31372,51187,3294,218,667968,56125,2509,31,78491,56125,967904,671320,920148,10864,235576,0,144516,125352,23456,168,121060,125184,8,0,205536,144640,762368,526680,0,0,88,0,23436,4488,188,21664,16972,4692,632,552,0,0,0,483952,36692,245760,3180,131656,
1421624535209669,1009,46,47180,47437,1001,312,313964,52437,1799,31,56213,55562,1798,93,168457,55625,2516,31,78735,48937,1507,531,799804,48875,1801,31,56274,51187,1002,31,31433,51187,3287,203,719726,56125,2509,31,78613,56125,967904,671320,920148,10864,235576,0,144520,125352,23460,168,121060,125184,8,0,205536,144640,762368,526680,0,0,88,0,23440,4488,188,21672,16972,4700,632,552,0,0,0,483952,36692,245760,3180,131656,
1421624537289425,1006,62,62988,47500,1004,343,359863,52437,1798,31,56396,55562,1802,125,224853,55562,2510,31,78491,48937,1505,515,776367,48875,1802,31,56335,51187,1005,31,31372,51187,3291,140,565429,56187,2513,31,78491,56125,967904,671260,920088,10864,235576,0,144520,125352,23460,168,121060,125184,8,0,205536,144580,762368,526680,0,0,88,0,23440,4488,188,21672,16972,4700,632,552,0,0,0,483952,36692,245760,3180,131656,
1421624539378434,1009,62,62866,47437,1002,328,328125,52437,1808,31,56457,55625,1792,93,168945,55562,2512,46,78369,48937,1506,515,776367,48937,1802,31,56274,51187,1004,31,31372,51187,3296,203,668945,56187,2510,31,78491,56125,967904,671228,920064,10872,235576,0,144520,125360,23460,168,121060,125192,8,0,205536,144580,762368,526648,0,0,88,0,23440,4488,188,21672,16972,4700,632,552,0,0,0,483952,36692,245760,3180,131656,
1421624541456144,1011,46,47363,47437,1005,312,282226,52437,1806,31,56457,55562,1805,93,197021,55562,2513,31,78735,48937,1507,531,776367,48937,1796,31,56274,51187,1004,31,31433,51187,3291,296,770507,56125,2509,31,78613,56125,967904,671260,920096,10872,235576,0,144520,125360,23460,168,121060,125192,8,0,205536,144580,762368,526680,0,0,16,0,23440,4488,188,21672,16972,4700,632,552,0,0,0,483952,36692,245760,3180,131656,
1421624543548876,1010,46,78979,47437,1003,343,328613,52437,1799,31,56396,55562,1799,125,224853,55562,2509,46,78369,48937,1504,500,798828,48937,1802,31,56396,51187,1004,31,31372,51187,3291,203,463378,-500,2512,31,78369,56125,967904,671260,920096,10872,235576,0,144520,125360,23460,168,121060,125192,8,0,205536,144580,762368,526680,0,0,16,0,23440,4488,188,21672,16972,4700,632,552,0,0,0,483952,36692,245760,3180,131656,
1421624545656981,1009,62,47424,47437,1002,328,328125,52437,1798,31,56396,55562,1799,109,197021,55562,2518,46,117919,48937,1507,515,753906,48937,1802,31,56152,51187,1004,31,31372,51187,3294,218,720703,56125,2512,31,78491,56125,967904,671228,920060,10872,235576,0,144520,125360,23460,168,121060,125192,8,0,205536,144580,762368,526648,0,0,16,0,23440,4488,188,21664,16968,4696,632,552,0,0,0,483952,36692,245760,3180,131656,
1421624547741916,1010,62,63232,47437,1002,343,361328,52437,1802,31,56396,55562,1802,109,168701,55625,2516,46,78735,48937,1507,515,799804,48937,1803,31,56457,51187,1004,31,31372,51187,3291,203,719726,56187,2515,31,78613,56125,967904,671260,920092,10872,235576,0,144524,125360,23464,168,121060,125192,8,0,205536,144580,762368,526680,0,0,16,0,23440,4488,188,21664,16968,4696,632,552,0,0,0,483952,36692,245760,3180,131656,
1421624549828824,1010,46,63110,47375,1004,531,549804,52375,1805,31,56457,55562,1798,109,168457,55625,2509,46,117675,48937,1507,500,752929,48937,1805,31,56396,51187,1004,31,31372,51187,3294,187,721679,56187,2513,31,78491,56125,967904,680720,901692,10872,207708,0,163124,97492,42064,168,121060,97324,8,0,205536,147160,762368,533560,0,0,16,0,42108,5440,188,21676,16976,4700,680,664,0,0,0,483952,122196,245760,3180,131656,
1421624551886535,1006,78,78857,47375,1006,531,533203,52375,1803,31,56518,55625,1799,93,168701,55625,2512,31,78369,48937,1505,515,777343,48937,1805,31,56274,51187,1004,31,31433,51187,3294,187,927734,56125,2512,31,78369,56125,967904,668416,890392,10872,208760,0,174360,98488,53300,168,121060,98320,8,0,205536,144040,762368,524376,0,0,1052,0,53364,5440,188,21708,16984,4724,680,672,0,0,0,483952,134720,245760,3180,131656,
1421624553951877,1012,62,63110,47437,1002,562,548828,52375,1808,31,56335,55625,1798,93,197021,55625,2508,31,78491,48937,1507,515,777343,48937,1802,31,56396,51187,1005,31,31433,51187,3295,125,359863,56125,2502,31,78369,56125,967904,660224,882560,10880,209120,0,182176,98848,61116,168,121060,98680,8,0,205536,142420,762368,517804,0,0,1420,0,61192,5440,188,21704,16984,4720,680,688,0,0,0,483952,134720,245760,3180,131656,
1421624556025993,1009,78,62988,47375,1002,531,549804,52375,1808,31,56213,55625,1801,109,196777,55625,2519,46,117919,48937,1503,546,799804,48937,1805,31,56152,51187,1004,31,31372,51187,3296,234,667968,56187,2509,31,78613,56125,967904,657708,880532,10880,209572,0,184316,99336,63256,168,121060,99168,8,0,205536,141640,762368,516068,0,0,1888,0,63236,5440,188,21704,16984,4720,680,688,0,0,0,483952,134720,245760,3180,131656,
1421624558087279,1009,93,78857,47375,1003,562,564453,52375,1805,31,56396,55625,1795,109,197265,55625,2509,31,117675,48937,1505,500,823242,48937,1808,31,56396,51187,1004,31,31433,51187,3292,125,565429,56187,2508,31,78613,56125,967904,657100,880392,10880,210096,0,184448,99808,63388,168,121060,99640,8,0,205536,141520,762368,515580,0,0,2412,0,63372,5440,188,21688,16980,4708,680,688,0,0,0,483952,134720,245760,3180,131656,
1421624560153396,1006,62,78735,47375,1004,562,548828,52437,1805,31,56396,55562,1803,109,224853,55687,2510,46,78491,48937,1506,515,776367,48937,1809,31,56396,51187,1004,31,31433,51187,3292,93,308593,56187,2504,31,78369,56187,967904,656612,880320,10888,210504,0,184508,100208,63432,168,121076,100040,8,0,205536,141280,762368,515332,0,0,2820,0,63412,5440,188,21688,16980,4708,680,688,0,0,0,483952,134720,245760,3180,131656,
1421624562213024,1008,62,47363,47437,1005,546,563476,52437,1801,31,56396,55562,1798,109,168945,55625,2520,31,78613,48937,1506,562,776367,48937,1803,31,56213,51125,1002,31,31372,51187,3292,281,925781,56187,2510,31,78613,56187,967904,656124,880368,10888,210964,0,184516,100744,63432,168,121084,100576,8,0,205536,141040,762368,515084,0,0,3280,0,63412,5440,188,21680,16972,4708,680,688,0,0,0,483952,134720,245760,3180,131656,
1421624564271546,1009,78,63110,47437,1005,546,564453,52437,1808,31,56518,55562,1802,109,197509,55625,2512,31,117675,48937,1506,531,777343,48937,1805,31,56152,51125,1004,31,31372,51125,3295,187,617187,56187,2516,31,78491,56125,967904,655568,880276,10896,211444,0,184516,101208,63432,168,121084,101040,8,0,205536,140980,762368,514588,0,0,3768,0,63412,5440,188,21680,16972,4708,680,688,0,0,0,483952,134720,245760,3180,131656,
1421624566330640,1010,78,78857,47437,1003,546,548828,52437,1806,31,56457,55625,1802,109,225585,55625,2518,31,117919,48937,1505,515,800781,48937,1802,31,56518,51125,1002,31,31433,51187,3294,203,616210,56187,2513,31,78491,56125,967904,655196,880376,10896,211932,0,184516,101680,63432,168,121084,101512,8,0,205536,140980,762368,514216,0,0,4252,0,63412,5440,188,21680,16972,4708,680,688,0,0,0,483952,134720,245760,3180,131656,
1421624568395447,1011,78,63110,47437,999,562,564453,52437,1806,31,56335,55562,1799,109,197021,55625,2512,46,117675,48937,1508,500,752929,48937,1805,31,56396,51125,1003,31,31372,51187,3295,140,667968,56125,2513,31,78613,56125,967904,654708,880428,10896,212448,0,184520,102216,63432,168,121088,102048,8,0,205536,140740,762368,513968,0,0,4768,0,63412,5440,188,21680,16972,4708,680,688,0,0,0,483952,134720,245760,3180,131656,
1421624570455075,1011,62,63110,47437,1004,562,562500,52437,1805,31,56396,55562,1801,109,168701,55625,2520,31,78613,48937,1505,531,801757,48937,1803,31,56396,51187,1002,31,31372,51187,3292,171,566406,56187,2507,31,78491,56125,967904,654276,880412,10904,212844,0,184520,102632,63432,168,121088,102464,8,0,205536,140680,762368,513596,0,0,5164,0,63412,5440,188,21680,16972,4708,680,688,0,0,0,483952,134720,245760,3180,131656,
1421624572514058,1011,62,47302,47437,1004,546,566406,52437,1812,31,56396,55562,1801,93,168945,55625,2509,31,78491,48937,1507,531,776367,48937,1803,31,56396,51187,1005,31,31433,51250,3290,187,566406,56125,2513,31,78369,56125,967904,653724,880412,10904,213444,0,184520,103184,63432,168,121088,103016,8,0,205536,140500,762368,513224,0,0,5764,0,63412,5440,188,21680,16972,4708,680,688,0,0,0,483952,134720,245760,3180,131656,
1421624574572598,1010,62,47363,47437,1001,546,564453,52375,1802,31,56335,55625,1802,93,196289,55625,2509,46,78491,48937,1504,515,800781,48937,1795,31,56152,51187,1006,31,31372,51187,3291,250,565429,56125,2512,31,78613,56125,967904,653292,880380,10904,213836,0,184520,103584,63432,168,121088,103416,8,0,205536,140440,762368,512852,0,0,6156,0,63412,5440,188,21668,16972,4696,680,688,0,0,0,483952,134720,245760,3180,131656,
1421624576653774,1009,62,63110,47437,1003,531,547851,52437,1796,31,56396,55625,1805,125,224121,55625,2512,31,78369,48937,1505,500,753906,48937,1805,31,56152,51187,1004,31,31372,51187,3292,234,617187,56187,2512,31,78491,56125,967904,652920,880404,10912,214192,0,184520,103980,63432,168,121088,103812,8,0,205536,140440,762368,512480,0,0,6512,0,63412,5440,188,21668,16972,4696,680,688,0,0,0,483952,134720,245760,3180,131656,
1421624578712904,1011,62,62988,47375,1002,562,563476,52437,1802,31,56335,55625,1796,125,197265,55625,2512,31,78491,48937,1506,515,752929,48875,1802,31,56213,51125,1004,31,31433,51125,3291,156,411621,56125,2512,31,78491,56125,967904,652432,880484,10912,214752,0,184520,104548,63432,168,121088,104380,8,0,205536,140200,762368,512232,0,0,7072,0,63412,5440,188,21668,16972,4696,680,688,0,0,0,483952,134720,245760,3180,131656,
1421624580772255,1011,62,63232,47437,1004,531,546875,52437,1799,31,56457,55625,1801,93,197509,55625,2507,31,78369,48937,1507,515,776367,48937,1799,31,56274,51125,1004,31,31433,51125,3291,265,770507,56125,2510,31,78491,56125,967904,651988,880336,10916,215092,0,184520,104836,63432,168,121088,104668,8,0,205536,140020,762368,511968,0,0,3316,4096,63412,5440,188,21692,16980,4712,680,688,0,0,0,483952,134720,245760,3180,131656,
1421624582830354,1011,46,63110,47437,1005,546,548828,52437,1808,31,56396,55625,1802,93,197509,55625,2512,31,78369,48937,1505,500,777343,48937,1805,31,56396,51187,1004,31,31372,51187,3294,203,617187,56125,2510,31,78613,56125,967904,651460,880424,10920,215656,0,184520,105452,63432,168,121088,105284,8,0,205536,139780,762368,511680,0,0,412,6540,63412,5440,188,21700,16980,4720,680,688,0,0,0,483952,134720,245760,3180,131656,
1421624584909077,1010,46,78979,47437,1004,562,533203,52437,1798,31,56457,55625,1803,93,224853,55625,2513,31,117797,48937,1506,500,752929,48937,1803,31,56274,51187,1005,31,31311,51187,3294,187,1029296,56187,2510,31,78369,56125,967904,650944,880352,10920,216184,0,184520,105896,63432,168,121088,105728,8,0,205536,139480,762368,511464,0,0,940,2960,63412,5440,188,21700,16980,4720,680,688,0,0,0,483952,134720,245760,3180,131656,
1421624586967305,1006,62,63232,47437,1004,546,546875,52437,1806,31,56518,55625,1801,109,225585,55625,2509,31,78247,48937,1505,531,776367,48937,1806,31,56457,51187,1004,31,31433,51187,3290,218,978515,56125,2507,31,78613,56125,967904,650572,880364,10928,216576,0,184520,106280,63432,168,121088,106112,8,0,205536,139480,762368,511092,0,0,1304,0,63412,5440,188,21684,16980,4704,680,688,0,0,0,483952,134720,245760,3180,131656,
1421624589025937,1010,62,78857,47437,1002,531,531250,52437,1803,31,56213,55562,1798,109,168945,55625,2510,46,117675,48937,1507,546,777343,48937,1808,31,56457,51187,1004,31,31372,51187,3296,171,462890,56125,2509,31,78491,56125,967904,650168,880316,10928,216932,0,184520,106636,63432,168,121088,106468,8,0,205536,139480,762368,510688,0,0,1660,0,63412,5440,188,21684,16980,4704,680,688,0,0,0,483952,134720,245760,3180,131656,
1421624591085547,1011,46,47363,47437,1004,531,533203,52437,1796,31,56457,55625,1802,93,168701,55625,2510,46,78247,49000,1506,500,777343,48937,1802,31,56213,51187,1004,31,31372,51187,3295,234,719726,56125,2515,31,78491,56125,967904,649784,880532,10932,217432,0,184520,107236,63432,168,121088,107068,8,0,205536,139420,762368,510364,0,0,2164,0,63412,5440,188,21668,16980,4688,680,688,0,0,0,483952,134720,245760,3180,131656,
1421624593142945,1010,46,63110,47500,1004,531,531250,52500,1806,31,56518,55625,1802,109,197021,55625,2518,46,117919,49000,1507,515,800781,48937,1803,31,56274,51187,1003,31,31311,51187,3285,187,927734,56125,2513,31,78613,56125,967904,648952,880440,10936,218168,0,184520,107976,63432,168,121088,107808,8,0,205536,139240,762368,509712,0,0,2900,0,63412,5440,188,21668,16980,4688,680,688,0,0,0,483952,134720,245760,3180,131656,
1421624595200490,1009,62,63110,47437,1004,562,549804,52437,1796,31,56152,55562,1802,125,197021,55625,2505,31,78369,49000,1506,500,752929,48937,1799,31,56335,51187,1004,31,31433,51187,3294,234,617187,56125,2510,31,78491,56125,967904,648736,880464,10936,218448,0,184520,108220,63432,168,121088,108052,8,0,205536,139240,762368,509496,0,0,3180,0,63412,5440,188,21668,16976,4692,680,688,0,0,0,483952,134720,245760,3180,131656,
1421624597258404,1009,62,63232,47500,1001,546,547851,52500,1796,46,56396,55562,1802,125,225097,55625,2510,31,78491,48937,1508,500,776367,48937,1803,31,56335,51187,1002,31,31433,51187,3292,187,668945,56125,2513,31,78613,56125,967904,648248,880480,10944,218948,0,184520,108724,63432,168,121088,108556,8,0,205536,139000,762368,509248,0,0,3680,0,63412,5440,188,21668,16976,4692,680,688,0,0,0,483952,134720,245760,3180,131656,
1421624599316502,1010,46,47424,47500,1000,546,548828,52500,1808,31,56335,55562,1801,125,196289,55625,2508,31,78491,48937,1505,500,752929,48937,1795,31,56213,51187,1003,31,31433,51187,3291,171,616210,56125,2510,31,78613,56125,967904,647680,880464,10944,219508,0,184520,109280,63432,168,121088,109112,8,0,205536,138580,762368,509100,0,0,4240,0,63412,5440,188,21656,16972,4684,680,688,0,0,0,483952,134720,245760,3180,131656,
1421624601375503,1010,62,63232,47437,1004,546,517578,52437,1799,31,56518,55625,1802,109,197021,55625,2508,31,117675,48937,1507,515,799804,48937,1803,31,56335,51187,1003,31,31433,51187,3292,171,875000,56125,2512,31,78491,56125,967904,647100,880412,10944,220044,0,184520,109808,63432,168,121088,109640,8,0,205536,138340,762368,508760,0,0,4776,0,63412,5440,188,21656,16972,4684,680,688,0,0,0,483952,134720,245760,3180,131656,
1421624603511496,1009,62,63110,47437,1004,531,547851,52437,1802,31,56396,55562,1801,125,197265,55625,2515,31,118041,48937,1506,531,753906,48937,1803,31,56213,51125,1003,31,31311,51125,3296,203,668945,56125,2507,31,78491,56125,967904,646300,880288,10952,220680,0,184552,110476,63456,168,121096,110308,8,0,205536,138160,762368,508140,0,0,5416,0,63436,5440,188,21652,16972,4680,680,688,0,0,0,483952,134720,245760,3180,131656,
1421624605569336,1007,46,47302,47500,1002,562,548828,52500,1798,31,56457,55562,1799,93,168945,55625,2504,46,117675,48937,1507,500,752929,48937,1803,31,56152,51125,1004,31,31433,51125,3295,203,618164,56125,2508,31,78369,56125,967904,645772,880348,10952,221280,0,184552,111068,63456,168,121096,110900,8,0,205536,138160,762368,507612,0,0,6016,0,63436,5440,188,21648,16968,4680,680,688,0,0,0,483952,134720,245760,3180,131656,
1421624607631415,1010,46,47424,47500,1003,531,533203,52437,1803,31,84594,55562,1799,109,140869,55625,2507,31,78369,49000,1505,484,753906,48937,1802,31,56274,51125,1004,31,31372,51125,3290,281,924804,56187,2510,31,78491,56125,967904,645432,880384,10960,221608,0,184556,111440,63456,168,121100,111272,8,0,205536,138160,762368,507272,0,0,6344,0,63448,5440,188,21648,16968,4680,680,688,0,0,0,483952,134720,245760,3180,131656,
1421624609689790,1009,62,63232,47500,1006,562,564453,52437,1806,31,56213,55562,1802,93,224365,55625,2507,31,117675,48937,1507,500,778320,48937,1803,31,56396,51125,1004,31,31372,51125,3296,218,667968,56125,2509,31,78491,56125,967904,644696,880372,10960,222332,0,184644,112164,63544,168,121100,111996,8,0,205536,137920,762368,506776,0,0,7068,0,63524,5440,188,21648,16968,4680,680,688,0,0,0,483952,134720,245760,3180,131656,
1421624611748238,1010,62,63110,47500,1003,531,580078,52437,1805,31,56396,55562,1799,125,168212,55562,2518,31,78613,48937,1506,500,751953,48937,1798,31,56274,51187,1002,31,31311,51187,3292,125,618164,56125,2509,31,78491,56125,967904,644020,880312,10960,222992,0,184644,112780,63544,168,121100,112612,8,0,205536,137740,762368,506280,0,0,7728,0,63524,5440,188,21648,16968,4680,680,688,0,0,0,483952,134720,245760,3180,131656,
1421624613815627,1007,46,63110,47500,1001,546,532226,52437,1805,31,56396,55562,1799,93,196777,55625,2508,31,117553,48937,1504,531,824218,48937,1802,31,56457,51187,1005,31,31433,51187,3296,281,719726,56125,2513,31,78613,56125,967904,643224,880204,10968,223628,0,184644,113468,63544,168,121100,113300,8,0,205536,137440,762368,505784,0,0,8364,0,63524,5440,188,21652,16968,4684,680,688,0,0,0,483952,134720,245760,3180,131656,
1421624615874149,1012,46,31616,47437,1001,546,548828,52437,1803,31,56335,55562,1802,93,168701,55625,2512,31,78491,48937,1506,531,846679,48937,1806,31,56213,51187,1006,31,31433,51187,3291,171,514648,56125,2512,31,78491,56125,967904,642668,880236,10968,224244,0,184644,114056,63544,168,121100,113888,8,0,205536,137380,762368,505288,0,0,8980,0,63524,5440,188,21656,16968,4688,680,688,0,0,0,483952,134720,245760,3180,131656,
1421624617933666,1011,62,63232,47437,1001,562,533203,52437,1803,31,56396,55562,1801,78,168945,55625,2508,31,78369,48937,1507,515,775390,48937,1801,31,56335,51187,1004,31,31433,51187,3294,171,565429,56125,2513,31,78491,56187,967904,642272,880224,10972,224596,0,184644,114432,63544,168,121100,114264,8,0,205536,137140,762368,505132,0,0,372,7880,63524,5440,188,21696,16976,4720,680,688,0,0,0,483952,134720,245760,3180,131656,
1421624619992354,1007,46,63110,47437,1002,562,548828,52437,1808,31,56396,55625,1799,109,224365,55625,2519,31,118164,48937,1507,593,871093,48937,1802,31,56213,51187,1004,31,31433,51250,3291,218,719726,56125,2505,31,78491,56125,967904,641284,880164,10976,225540,0,184644,115360,63544,168,121100,115192,8,0,205536,137020,762368,504264,0,0,1320,0,63524,5440,188,21696,16976,4720,680,688,0,0,0,483952,134720,245760,3180,131656,
1421624622075170,1010,62,63232,47437,1002,562,547851,52437,1803,31,56335,55562,1801,109,197265,55625,2508,31,78369,48937,1506,515,776367,48937,1803,31,56396,51187,1002,31,31372,51187,3291,187,875000,56187,2513,31,78491,56125,967904,640992,880208,10976,225892,0,184644,115696,63544,168,121100,115528,8,0,205536,136960,762368,504032,0,0,1672,0,63524,5440,188,21684,16976,4708,680,688,0,0,0,483952,134720,245760,3180,131656,
1421624624134429,1010,62,62988,47500,1004,531,533203,52437,1805,31,56274,55562,1801,109,196777,55625,2520,46,78613,48937,1506,515,776367,48937,1803,31,56274,51187,1003,31,31372,51187,3294,203,875000,56125,2505,31,78491,56125,967904,640380,880212,10984,226508,0,184644,116312,63544,168,121100,116144,8,0,205536,136720,762368,503660,0,0,2288,0,63524,5440,188,21684,16976,4708,680,688,0,0,0,483952,134720,245760,3180,131656,
1421624626192619,1006,78,63232,47437,1004,546,566406,52375,1805,31,56335,55562,1802,93,197265,55625,2512,31,78369,48937,1507,562,775390,48937,1802,31,56091,51187,1004,31,31433,51187,3288,312,1029296,56125,2509,31,78613,56125,967904,639724,880168,10984,227124,0,184644,116924,63544,168,121100,116756,8,0,205536,136420,762368,503304,0,0,2904,0,63524,5440,188,21668,16976,4692,680,688,0,0,0,483952,134720,245760,3180,131656,
1421624628255455,1009,78,78979,47437,1001,531,548828,52375,1803,31,56396,55562,1798,93,168945,55625,2510,46,78247,48937,1507,515,777343,48937,1802,31,56213,51187,1004,31,31372,51187,3294,203,566406,56125,2512,31,78369,56125,967904,639476,880284,10984,227460,0,184648,117284,63544,168,121104,117116,8,0,205536,136420,762368,503056,0,0,3216,0,63524,5440,188,21668,16976,4692,680,688,0,0,0,483952,134720,245760,3180,131656,
1421624630314253,1008,46,47363,47437,1000,578,547851,52437,1808,31,56396,55562,1798,125,197265,55625,2512,46,156738,48937,1506,515,799804,48937,1802,31,56396,51187,1002,31,31372,51187,3292,218,618164,56125,2513,31,78613,56125,967904,638492,880216,10992,228392,0,184648,118208,63544,168,121104,118040,8,0,205536,136180,762368,502312,0,0,4148,0,63524,5440,188,21660,16968,4692,680,688,0,0,0,483952,134720,245760,3180,131656,
1421624632388369,1010,62,63110,47437,1002,531,534179,52437,1801,31,56457,55562,1803,93,168701,55562,2512,31,78491,48937,1507,500,776367,48937,1805,31,56274,51187,1002,31,31372,51187,3294,171,975585,56125,2512,31,78613,56125,967904,638120,880236,10992,228740,0,184648,118600,63544,168,121104,118432,8,0,205536,136180,762368,501940,0,0,4496,0,63524,5440,188,21660,16968,4692,680,688,0,0,0,483952,134720,245760,3180,131656,
1421624634447278,1011,78,63110,47437,1004,453,455078,52437,1806,31,56457,55562,1799,93,196289,55562,2512,46,117675,48937,1506,515,776367,48937,1803,31,56518,51187,1004,31,31311,51187,3287,203,823242,56125,2512,31,78491,56125,967904,637456,880220,11000,229380,0,184652,119244,63544,168,121108,119076,8,0,205536,135880,762368,501576,0,0,5140,0,63524,5440,188,21660,16968,4692,672,688,0,0,0,483952,134720,245760,3180,131656,
1421624636504749,1008,93,78857,47437,1002,531,548828,52437,1806,31,56335,55562,1803,109,197021,55625,2509,31,78369,48937,1504,500,775390,48937,1801,31,56274,51187,1004,31,31433,51187,3291,156,772460,56125,2509,31,78735,56125,967904,636896,880284,11000,230036,0,184652,119860,63544,168,121108,119692,8,0,205536,135700,762368,501196,0,0,5784,0,63524,5440,188,21676,16976,4700,672,688,0,0,0,483952,134720,245760,3180,131656,
1421624638564064,1008,46,63110,47437,1004,531,530273,52500,1803,31,56457,55625,1802,93,197021,55562,2509,31,78491,48937,1507,515,776367,48937,1802,31,56396,51187,1006,31,31372,51187,3292,109,411132,56125,2507,31,78491,56125,967904,636464,880212,11000,230356,0,184652,120220,63544,168,121108,120052,8,0,205536,135640,762368,500824,0,0,6104,0,63524,5440,188,21676,16976,4700,672,688,0,0,0,483952,134720,245760,3180,131656,
1421624640623232,1008,62,63110,47437,1002,546,548828,52437,1808,31,56396,55625,1802,93,197265,55625,2510,31,78491,48937,1506,515,777343,48937,1808,31,56274,51187,1003,31,31433,51187,3294,234,875000,56125,2513,31,78369,56125,967904,635452,880076,11008,231308,0,184656,121092,63544,168,121112,120924,8,0,205536,135280,762368,500172,0,0,7064,0,63524,5440,188,21676,16976,4700,672,688,0,0,0,483952,134720,245760,3180,131656,
1421624642691025,1008,62,63110,47437,1001,546,564453,52437,1806,31,56213,55562,1801,109,197021,55625,2508,31,78369,48937,1507,500,753906,48937,1805,31,56457,51187,1001,31,31433,51187,3294,203,668945,56125,2508,31,78369,56187,967904,635244,880268,11008,231672,0,184656,121492,63544,168,121112,121324,8,0,205536,135280,762368,499964,0,0,7432,0,63524,5440,188,21672,16976,4696,672,688,0,0,0,483952,134720,245760,3180,131656,
1421624644749787,1007,46,78491,47437,1003,531,532226,52437,1796,31,56396,55562,1802,125,225341,55625,2512,31,78369,48937,1507,500,777343,48875,1805,31,56396,51187,1004,31,31433,51187,3290,203,668945,56187,2513,31,78491,56187,967904,634624,880336,11008,232312,0,184660,122176,63544,168,121116,122008,8,0,205536,135280,762368,499344,0,0,8076,0,63524,5440,188,21672,16976,4696,672,688,0,0,0,483952,134720,245760,3180,131656,
1421624646807977,1009,78,63110,47437,1003,531,531250,52437,1802,31,56457,55562,1795,78,197265,55625,2508,31,117675,48937,1506,515,752929,48875,1799,31,56213,51187,1002,31,31433,51187,3294,187,617187,56187,2513,31,78613,56125,967904,633856,880168,11016,233020,0,184660,122780,63544,168,121116,122612,8,0,205536,135040,762368,498816,0,0,8784,0,63524,5440,188,21668,16972,4696,672,688,0,0,0,483952,134720,245760,3180,131656,
1421624648866020,1007,46,47302,47437,1003,546,564453,52437,1805,31,56457,55625,1802,93,168945,55625,2509,31,78491,48937,1507,515,776367,48875,1802,31,56396,51187,1004,31,31372,51187,3294,234,411621,56187,2512,31,78613,56125,967904,633640,880316,11016,233300,0,184664,123140,63544,168,121120,122972,8,0,205536,135040,762368,498600,0,0,9064,0,63524,5440,188,21668,16972,4696,672,688,0,0,0,483952,134720,245760,3180,131656,
1421624650959121,1012,46,62988,47437,1004,531,533203,52437,1795,31,56396,55625,1802,109,168701,55625,2508,31,78369,48937,1505,515,777343,48875,1801,31,56335,51187,1003,31,31372,51250,3292,203,668945,56187,2510,31,78491,56125,967904,632904,880276,11016,233988,0,184664,123840,63544,168,121120,123672,8,0,205536,134800,762368,498104,0,0,9752,0,63524,5440,188,21660,16968,4692,672,688,0,0,0,483952,134720,245760,3180,131656,
1421624653017606,1009,62,62866,47437,1002,546,548828,52437,1802,31,56457,55625,1803,109,168945,55687,2510,46,78491,48937,1505,515,777343,48875,1802,31,56396,51187,1004,31,31372,51187,3291,203,668945,56187,2509,31,78369,56125,967904,632128,880076,11024,234624,0,184664,124408,63544,168,121120,124240,8,0,205536,134560,762368,497568,0,0,336,0,63524,5440,188,21708,16976,4732,672,688,0,0,0,483952,134720,245760,3180,131656,
1421624655078082,1008,78,63232,47437,1004,375,345703,52437,1801,31,56518,55625,1794,93,197509,55625,2507,31,117553,48937,1507,500,752929,48875,1801,31,56396,51187,1005,31,31433,51187,3296,343,1080078,56187,2515,31,78613,56187,967904,670448,919752,11024,235824,0,145004,125384,23504,168,121500,125216,8,0,205536,143248,762368,527200,0,0,268,300,23484,4536,188,21708,16976,4732,664,588,0,0,0,483952,38152,245760,3180,131656,
1421624657135904,1010,46,62988,47437,1006,359,329589,52500,1803,31,84350,55625,1796,93,196777,55625,2519,31,117797,48937,1507,515,777343,48875,1806,31,56274,51187,1003,31,31433,51187,3295,250,926757,56187,2513,31,78491,56187,967904,670528,919864,11032,235916,0,145048,125332,23464,168,121584,125164,8,0,205536,143260,762368,527268,0,0,344,0,23444,4488,188,21708,16976,4732,624,552,0,0,0,483952,38152,245760,3180,131656,
1421624659221484,1010,62,63110,47500,1001,343,330078,52500,1801,31,56518,55562,1802,125,224853,55625,2516,31,78735,48937,1507,515,776367,48875,1805,31,56396,51187,1004,31,31433,51187,3288,140,308593,56187,2512,31,78247,56187,967904,670044,919808,11176,236188,0,145116,125684,23464,168,121652,125516,8,0,205536,143140,762368,526904,0,0,368,0,23444,4488,188,21724,16984,4740,632,552,0,0,0,483952,38156,245760,3180,131656,
1421624661290457,1010,46,47241,47500,1003,328,345214,52437,1805,31,56396,55625,1792,93,168945,55625,2510,31,78369,48937,1504,531,777343,48875,1803,31,56335,51187,1004,31,31372,51187,3292,218,771484,56187,2512,31,78491,56187,967904,670044,919808,11176,236188,0,145116,125684,23464,168,121652,125516,8,0,205536,143140,762368,526904,0,0,368,0,23444,4488,188,21724,16984,4740,632,552,0,0,0,483952,38156,245760,3180,131656,
1421624663366785,1011,78,63232,47500,1002,281,282714,52437,1798,31,56518,55625,1798,109,167968,55625,2509,31,78491,48937,1506,515,776367,48875,1803,31,56335,51187,1006,31,31372,51187,3290,250,925781,56187,2513,31,78491,56187,967904,670060,919832,11184,236188,0,145116,125692,23464,168,121652,125524,8,0,205536,143140,762368,526920,0,0,404,0,23444,4488,188,21704,16984,4720,632,552,0,0,0,483952,38156,245760,3180,131656,
1421624665458079,1009,78,47363,47500,1004,343,345703,52500,1806,46,56396,55625,1803,93,197265,55687,2518,31,78735,48937,1507,500,777343,48875,1805,31,56396,51187,1004,31,31372,51187,3292,265,924804,56250,2513,31,78491,56187,967904,670068,919840,11184,236188,0,145116,125692,23464,168,121652,125524,8,0,205536,143140,762368,526928,0,0,404,0,23444,4488,188,21692,16984,4708,632,552,0,0,0,483952,38156,245760,3180,131656,
1421624667538978,1009,62,47363,47500,1005,359,361328,52500,1808,46,56396,55625,1795,93,197265,55687,2518,31,78613,48937,1506,515,777343,48937,1801,31,56396,51187,1004,31,31372,51187,3290,93,463378,56250,2512,31,78491,56187,967904,670068,919840,11184,236188,0,145116,125692,23464,168,121652,125524,8,0,205536,143140,762368,526928,0,0,332,0,23444,4488,188,21696,16984,4712,632,552,0,0,0,483952,38156,245760,3180,131656,
1421624669618697,1007,62,62988,47500,1004,343,345703,52500,1805,31,56396,55625,1799,109,225097,55687,2509,31,78369,48937,1507,515,775390,48937,1799,31,56396,51187,1002,31,31372,51187,3288,265,823242,56187,2510,31,78491,56187,967904,670068,919840,11184,236188,0,145116,125692,23464,168,121652,125524,8,0,205536,143140,762368,526928,0,0,332,0,23444,4488,188,21696,16984,4712,632,552,0,0,0,483952,38156,245760,3180,131656,
1421624671698656,1007,93,78979,47500,1002,328,329589,52500,1802,31,56335,55625,1803,109,197265,55687,2507,31,78369,49000,1505,515,777343,48937,1802,31,56396,51187,1004,31,31433,51187,3292,203,668945,56250,2509,31,78613,56187,967904,670068,919824,11184,236188,0,145116,125692,23464,168,121652,125524,8,0,205536,143140,762368,526928,0,0,332,0,23444,4488,188,21672,16968,4704,632,552,0,0,0,483952,38156,245760,3180,131656,
1421624673780108,1009,62,63232,47500,1004,296,297851,52500,1802,31,84594,55625,1802,93,196777,55687,2512,31,78369,49000,1508,531,799804,48937,1802,31,56396,51187,1004,31,31433,51187,3290,265,667968,56187,2510,31,78369,56187,967904,670068,919824,11184,236188,0,145116,125692,23464,168,121652,125524,8,0,205536,143140,762368,526928,0,0,332,0,23444,4488,188,21672,16968,4704,632,552,0,0,0,483952,38156,245760,3180,131656,
1421624675862776,1010,62,63110,47500,1006,343,344238,52500,1803,31,56396,55625,1801,109,197021,55687,2509,31,78369,49000,1507,500,777343,48937,1805,31,56396,51187,1003,31,31311,51125,3290,187,617187,56187,2510,31,78491,56187,967904,670068,919824,11184,236188,0,145116,125692,23464,168,121652,125524,8,0,205536,143140,762368,526928,0,0,332,0,23444,4488,188,21672,16968,4704,632,552,0,0,0,483952,38156,245760,3180,131656,
1421624677944062,1009,62,47363,47500,1005,343,330078,52437,1805,31,56396,55625,1801,109,197021,55687,2509,31,78369,49000,1506,500,775390,48937,1803,31,56396,51125,1004,31,31433,51187,3291,218,719726,56250,2512,31,78369,56250,967904,670060,919828,11184,236188,0,145116,125692,23464,168,121652,125524,8,0,205536,143140,762368,526920,0,0,320,0,23444,4488,188,21692,16980,4712,632,552,0,0,0,483952,38156,245760,3180,131656,
1421624680025348,1006,46,47363,47437,1006,359,330078,52437,1802,31,56457,55625,1802,93,168701,55687,2509,31,78369,48937,1507,515,777343,48937,1802,31,56335,51125,1004,31,31372,51187,3290,234,668945,56250,2512,31,78491,56250,967904,670060,919828,11184,236188,0,145116,125692,23464,168,121652,125524,8,0,205536,143140,762368,526920,0,0,320,0,23444,4488,188,21672,16980,4692,632,552,0,0,0,483952,38156,245760,3180,131656,
1421624682108071,1008,62,63110,47500,997,375,359863,52437,1805,46,56396,55625,1802,109,197265,55625,2510,31,78491,48937,1508,515,777343,48937,1803,31,56396,51125,1004,31,31433,51187,3292,140,462890,56250,2515,31,78613,56250,967904,670060,919828,11192,236180,0,145116,125692,23464,168,121652,125524,8,0,205536,143140,762368,526920,0,0,320,0,23444,4488,188,21672,16980,4692,632,552,0,0,0,483952,38156,245760,3180,131656,
1421624684178279,1007,46,63232,47437,1005,343,313964,52437,1796,46,56335,55625,1801,93,169189,55625,2516,31,78613,48937,1507,531,752929,48937,1808,31,56335,51125,1004,31,31372,51125,3294,203,616210,56250,2509,31,78735,56187,967904,670068,919844,11192,236188,0,145116,125700,23464,168,121652,125532,8,0,205536,143140,762368,526928,0,0,332,0,23444,4488,188,21656,16980,4676,632,552,0,0,0,483952,38156,245760,3180,131656,
1421624686248635,1009,62,63232,47437,1004,312,313476,52437,1806,31,56335,55625,1794,109,225341,55687,2504,31,78491,48937,1506,515,752929,48937,1805,31,56396,51125,1006,31,31433,51187,3292,203,719726,56250,2512,31,78491,56187,967904,670068,919852,11192,236196,0,145120,125704,23464,168,121656,125536,8,0,205536,143140,762368,526928,0,0,344,0,23444,4488,188,21660,16980,4680,632,552,0,0,0,483952,38156,245760,3180,131656,
1421624688328796,1010,62,94848,47500,1001,343,361328,52437,1805,31,56274,55625,1802,93,225097,55687,2513,46,117553,48937,1506,515,777343,48937,1799,31,56335,51125,1005,31,31311,51125,3294,281,925781,56250,2510,31,78613,56187,967904,670060,919844,11192,236196,0,145120,125704,23464,168,121656,125536,8,0,205536,143140,762368,526920,0,0,28,0,23444,4488,188,21664,16980,4684,632,552,0,0,0,483952,38156,245760,3180,131656,
1421624690410192,1010,62,78857,47500,1004,359,359375,52500,1802,31,56213,55625,1799,109,168701,55750,2510,31,78491,48937,1507,515,777343,48937,1803,31,56396,51187,1003,31,31433,51187,3292,125,566406,56250,2513,31,78369,56187,967904,670060,919852,11200,236196,0,145120,125712,23464,168,121656,125544,8,0,205536,143140,762368,526920,0,0,36,0,23444,4488,188,21664,16980,4684,632,552,0,0,0,483952,38156,245760,3180,131656,
1421624692476659,1006,62,63110,47500,998,359,345703,52500,1802,31,84594,55625,1802,93,196777,55687,2520,46,117797,48937,1507,515,776367,48937,1798,31,56457,51187,1003,31,31372,51187,3292,156,617187,56250,2512,31,78613,56187,967904,670060,919852,11200,236196,0,145120,125712,23464,168,121656,125544,8,0,205536,143140,762368,526920,0,0,32,0,23444,4488,188,21660,16980,4680,632,552,0,0,0,483952,38156,245760,3180,131656,
1421624694573004,1009,78,63232,47437,1005,343,329101,52500,1799,31,56396,55687,1802,109,140625,55687,2509,31,78369,48937,1503,515,752929,48937,1806,31,56335,51187,1004,31,31372,51187,3292,171,823242,56250,2510,31,78491,56187,967904,670060,919852,11200,236196,0,145120,125712,23464,168,121656,125544,8,0,205536,143140,762368,526920,0,0,32,0,23444,4488,188,21660,16980,4680,632,552,0,0,0,483952,38156,245760,3180,131656,
1421624696655046,1010,62,63232,47437,1004,328,329589,52437,1802,31,56396,55625,1795,109,168945,55687,2516,46,78735,48937,1507,515,776367,48937,1803,31,56396,51125,1004,31,31433,51187,3294,234,668945,56187,2513,31,78491,56187,967904,670060,919856,11204,236196,0,145120,125716,23464,168,121656,125548,8,0,205536,143140,762368,526920,0,0,32,0,23444,4488,188,21656,16980,4676,632,552,0,0,0,483952,38156,245760,3180,131656,
1421624698743815,1009,46,63110,47500,1000,312,314453,52500,1799,31,56457,55625,1803,125,197265,55687,2510,31,78369,48937,1507,531,778320,48937,1802,31,56396,51125,1004,31,31372,51187,3295,125,565429,56187,2510,31,78491,56187,967904,670060,919856,11204,236196,0,145120,125716,23464,168,121656,125548,8,0,205536,143140,762368,526920,0,0,32,0,23444,4488,188,21656,16980,4676,632,552,0,0,0,483952,38156,245760,3180,131656,
1421624700828087,1009,62,63110,47500,1004,343,360351,52500,1796,31,56213,55625,1802,93,196777,55687,2512,31,78613,48937,1506,515,776367,48875,1803,31,56396,51125,1004,31,31372,51187,3292,171,668945,56187,2512,31,78491,56250,967904,670068,919860,11204,236196,0,145120,125716,23464,168,121656,125548,8,0,205536,143140,762368,526928,0,0,32,0,23444,4488,188,21632,16976,4656,632,552,0,0,0,483952,38156,245760,3180,131656,
1421624702906829,1010,62,63232,47500,1004,281,282714,52437,1798,31,56335,55687,1801,109,196777,55687,2509,31,78613,48937,1506,515,752929,48937,1805,31,56274,51125,1005,31,31372,51187,3291,125,462890,56250,2515,31,78369,56250,967904,670068,919860,11204,236196,0,145120,125716,23464,168,121656,125548,8,0,205536,143140,762368,526928,0,0,32,0,23444,4488,188,21632,16976,4656,632,552,0,0,0,483952,38156,245760,3180,131656,
1421624704994289,1010,62,63110,47500,1002,328,330078,52500,1805,31,84716,55625,1805,93,196777,55687,2512,62,117675,48937,1506,515,776367,48875,1796,31,56457,51187,1002,31,31433,51187,3295,234,566406,56250,2510,31,78491,56250,967904,670068,919852,11204,236196,0,145120,125716,23464,168,121656,125548,8,0,205536,143140,762368,526928,0,0,32,0,23444,4488,188,21620,16968,4652,632,552,0,0,0,483952,38156,245760,3180,131656,
1421624707078174,1007,46,47363,47500,1004,328,329101,52437,1808,31,56396,55687,1801,109,197265,55687,2505,31,78369,48937,1506,500,800781,48875,1806,31,56213,51187,1003,31,31433,51187,3291,203,514648,56250,2507,31,78613,56187,967904,670068,919852,11204,236196,0,145120,125716,23464,168,121656,125548,8,0,205536,143140,762368,526928,0,0,32,0,23444,4488,188,21620,16968,4652,632,552,0,0,0,483952,38156,245760,3180,131656,
1421624709168307,1010,46,62988,47500,1000,328,329589,52437,1803,31,56396,55687,1802,109,197265,55687,2509,31,117675,48937,1507,515,778320,48875,1805,31,56396,51187,1002,31,31372,51187,3290,93,566406,56250,2510,31,78491,56187,967904,670068,919852,11204,236196,0,145120,125716,23464,168,121656,125548,8,0,205536,143140,762368,526928,0,0,32,0,23444,4488,188,21620,16968,4652,632,552,0,0,0,483952,38156,245760,3180,131656,
1421624711249188,1007,78,47302,47500,1003,343,330078,52437,1799,31,56274,55687,1798,109,168701,55687,2509,46,78369,48937,1506,515,776367,48875,1805,31,56396,51187,1005,31,31372,51187,3292,156,617187,56250,2513,31,78369,56250,967904,670068,919852,11204,236196,0,145120,125716,23464,168,121656,125548,8,0,205536,143140,762368,526928,0,0,32,0,23444,4488,188,21624,16968,4656,632,552,0,0,0,483952,38156,245760,3180,131656,
1421624713331930,1008,93,63110,47500,1000,328,329589,52437,1806,31,56518,55687,1805,125,196533,55687,2519,46,118164,48937,1504,531,776367,48875,1803,31,56457,51187,1001,31,31372,51187,3291,187,669921,56250,2512,31,78491,56250,967904,670068,919852,11204,236196,0,145120,125716,23464,168,121656,125548,8,0,205536,143140,762368,526928,0,0,32,0,23444,4488,188,21632,16968,4664,632,552,0,0,0,483952,38156,245760,3180,131656,
1421624715419224,1012,62,63232,47500,1005,343,344726,52437,1801,31,56457,55687,1796,93,168945,55687,2519,46,78613,48937,1508,531,800781,48875,1805,31,56396,51187,1003,31,31433,51187,3295,218,770507,56250,2513,31,78491,56250,967904,670036,919820,11204,236196,0,145120,125716,23464,168,121656,125548,8,0,205536,143140,762368,526896,0,0,32,0,23444,4488,188,21632,16968,4664,632,552,0,0,0,483952,38156,245760,3180,131656,
1421624717495460,1008,62,63232,47500,1004,328,330078,52437,1803,31,56396,55687,1792,109,197265,55687,2519,31,157470,48937,1506,515,799804,48875,1796,31,56213,51187,1004,31,31433,51187,3292,171,618164,56250,2508,31,78613,56187,967904,670060,919856,11204,236196,0,145120,125716,23464,168,121656,125548,8,0,205536,143140,762368,526920,0,0,0,0,23444,4488,188,21656,16980,4676,632,552,0,0,0,483952,38156,245760,3180,131656,
1421624719577206,1012,31,47363,47437,1002,312,297851,52437,1803,31,56335,55687,1801,109,140625,55687,2513,31,78613,48937,1505,531,801757,48875,1802,31,56396,51187,1002,31,31311,51187,3285,218,721679,56250,2512,31,78491,56187,967904,670060,919856,11204,236196,0,145120,125716,23464,168,121656,125548,8,0,205536,143140,762368,526920,0,0,0,0,23444,4488,188,21656,16980,4676,632,552,0,0,0,483952,38156,245760,3180,131656,
1421624721668575,1010,46,47363,47500,1003,281,282226,52437,1802,31,56335,55625,1798,93,168457,55687,2509,46,78491,48937,1505,531,800781,48875,1803,31,56091,51187,1003,31,31372,51187,3292,218,719726,56250,2515,31,78491,56187,967904,670028,919824,11204,236196,0,145120,125716,23464,168,121656,125548,8,0,205536,143140,762368,526888,0,0,0,0,23444,4488,188,21656,16980,4676,632,552,0,0,0,483952,38156,245760,3180,131656,
1421624723768071,1009,62,78857,47437,1001,312,312011,52437,1806,31,56396,55687,1805,109,167968,55687,2518,31,117919,48875,1506,515,800781,48875,1803,31,56274,51187,1004,31,31311,51187,3292,250,668945,56250,2513,31,78369,56250,967904,670060,919864,11212,236196,0,145120,125724,23464,168,121656,125556,8,0,205536,143140,762368,526920,0,0,12,0,23444,4488,188,21656,16980,4676,632,552,0,0,0,483952,38156,245760,3180,131656,
1421624726876489,1009,62,78857,47500,1002,359,361328,52437,1806,31,56396,55687,1802,109,197509,55687,2508,31,78491,48875,1507,531,800781,48875,1799,31,56335,51187,1004,31,31372,51187,3288,156,463867,56250,2504,31,78491,56250,967904,669944,919748,11212,236196,0,145244,125724,23588,168,121656,125556,8,0,205536,143140,762368,526804,0,0,12,0,23640,4488,188,21648,16980,4668,632,552,0,0,0,483952,38156,245760,3180,131656,
1421624728978032,1009,62,63232,47500,1003,265,297851,52437,1801,31,56335,55625,1802,125,197265,55687,2519,31,118041,48937,1508,515,776367,48875,1806,31,56274,51187,1001,31,31372,51187,3291,187,668945,56250,2515,31,78491,56250,967904,669944,919756,11212,236204,0,145348,125728,23688,168,121660,125560,8,0,205536,143140,762368,526804,0,0,24,0,23668,4488,188,21648,16980,4668,632,552,0,0,0,483952,38156,245760,3180,131656,
1421624731068073,1010,78,63110,47437,1003,312,329589,52500,1806,31,84350,55687,1802,93,168701,55687,2513,31,78735,48937,1507,515,778320,48875,1805,31,56274,51187,1005,31,31433,51187,3292,234,772460,56250,2512,31,78613,56250,967904,669944,919748,11212,236204,0,145348,125728,23688,168,121660,125560,8,0,205536,143140,762368,526804,0,0,24,0,23668,4488,188,21636,16972,4664,632,552,0,0,0,483952,38156,245760,3180,131656,
