t,VCCINT.V,VCCINT.I,VCCINT.P,VCCINT.T,VCCPINT.V,VCCPINT.I,VCCPINT.P,VCCPINT.T,VCCAUX.V,VCCAUX.I,VCCAUX.P,VCCAUX.T,VCCPAUX.V,VCCPAUX.I,VCCPAUX.P,VCCPAUX.T,VCCADJ.V,VCCADJ.I,VCCADJ.P,VCCADJ.T,VCC1V5.V,VCC1V5.I,VCC1V5.P,VCC1V5.T,VCCMIO_PS.V,VCCMIO_PS.I,VCCMIO_PS.P,VCCMIO_PS.T,VCCBRAM.V,VCCBRAM.I,VCCBRAM.P,VCCBRAM.T,VCC3V3.V,VCC3V3.I,VCC3V3.P,VCC3V3.T,VCC2V5.V,VCC2V5.I,VCC2V5.P,VCC2V5.T,M.MemTotal:,M.MemFree:,M.MemAvailable:,M.Buffers:,M.Cached:,M.SwapCached:,M.Active:,M.Inactive:,M.Active(anon):,M.Inactive(anon):,M.Active(file):,M.Inactive(file):,M.Unevictable:,M.Mlocked:,M.HighTotal:,M.HighFree:,M.LowTotal:,M.LowFree:,M.SwapTotal:,M.SwapFree:,M.Dirty:,M.Writeback:,M.AnonPages:,M.Mapped:,M.Shmem:,M.Slab:,M.SReclaimable:,M.SUnreclaim:,M.KernelStack:,M.PageTables:,M.NFS_Unstable:,M.Bounce:,M.WritebackTmp:,M.CommitLimit:,M.Committed_AS:,M.VmallocTotal:,M.VmallocUsed:,M.VmallocChunk:,
1421976274396945,1011,78,63110,51437,1003,281,297851,56375,1808,31,56335,59750,1799,109,196777,59812,2508,31,78491,52937,1506,500,777343,52937,1801,31,56274,55187,1003,31,31372,55187,3295,203,617187,60500,2508,31,78369,60500,967904,631284,882380,20364,232824,0,241292,72328,60460,168,180832,72160,8,0,205536,139660,762368,491624,0,0,36,0,60484,7064,188,17260,12492,4768,728,800,0,0,0,483952,77280,245760,3180,131512,
1421976276468775,1010,62,79101,51437,1002,281,282226,56437,1805,46,84350,59812,1802,109,167968,59812,2515,31,78613,52937,1506,515,776367,52937,1803,31,56213,55187,1003,31,31372,55187,3295,187,668945,60500,2510,31,78613,60500,967904,631284,882380,20364,232824,0,241360,72328,60528,168,180832,72160,8,0,205536,139660,762368,491624,0,0,36,0,60516,7064,188,17260,12492,4768,728,800,0,0,0,483952,77280,245760,3180,131512,
1421976278542006,1008,46,63110,51437,1000,296,281738,56437,1806,31,56396,59750,1801,93,197265,59812,2512,31,117675,52937,1504,515,753906,52937,1801,31,56396,55187,1004,31,31372,55125,3290,203,617187,60500,2512,31,78369,60437,967904,631128,882224,20364,232824,0,241360,72328,60528,168,180832,72160,8,0,205536,139660,762368,491468,0,0,36,0,60540,7064,188,17260,12492,4768,728,800,0,0,0,483952,77280,245760,3180,131512,
1421976280622113,1009,62,62988,51500,1003,281,282226,56437,1799,31,56396,59750,1802,109,197021,59812,2515,31,78613,52937,1504,500,753906,52875,1802,31,56396,55187,1004,31,31311,55187,3290,171,618164,60500,2510,31,78491,60500,967904,631160,882264,20372,232824,0,241392,72336,60560,168,180832,72168,8,0,205536,139660,762368,491500,0,0,0,0,60540,7064,188,17260,12492,4768,728,800,0,0,0,483952,77280,245760,3180,131512,
1421976282695288,1009,62,78735,51437,1004,281,281738,56437,1805,31,56213,59750,1801,125,196533,59812,2519,62,78613,52937,1505,515,777343,52937,1805,31,56396,55187,1003,31,31433,55187,3294,187,565429,60500,2504,31,78491,60437,967904,631160,882264,20372,232824,0,241392,72336,60560,168,180832,72168,8,0,205536,139660,762368,491500,0,0,0,0,60540,7064,188,17252,12492,4760,728,800,0,0,0,483952,77280,245760,3180,131512,
1421976284769404,1009,78,63110,51375,1003,359,392578,56375,1803,31,56335,59750,1803,93,197265,59812,2519,31,118041,52937,1505,546,823242,52937,1798,31,56213,55187,1002,31,31311,55187,3296,203,668945,60500,2508,31,78491,60437,967904,597744,846900,20372,230872,0,277228,70384,96396,168,180832,70216,8,0,205536,132820,762368,464924,0,0,0,0,96416,8016,188,17264,12496,4768,768,880,0,0,0,483952,184304,245760,3180,131512,
1421976286867518,1012,78,78979,51375,1002,359,359863,56375,1805,31,56457,59750,1802,93,197265,59750,2508,31,78369,52937,1507,500,752929,52875,1803,31,56396,55187,1004,31,31372,55187,3294,187,616210,60500,2510,31,78613,60500,967904,527092,776248,20372,230872,0,347616,70384,166784,168,180832,70216,8,0,205536,117100,762368,409992,0,0,0,0,166820,8016,188,17264,12496,4768,768,1092,0,0,0,483952,263416,245760,3180,131512,
1421976288976950,1011,78,63110,51375,1003,343,345214,56375,1802,46,56518,59750,1803,109,168945,59750,2516,46,78735,52937,1504,500,776367,52875,1805,31,56396,55187,1004,31,31372,55187,3288,187,618164,60500,2510,31,78613,60500,967904,526596,775752,20372,230872,0,348120,70384,167288,168,180832,70216,8,0,205536,117100,762368,409496,0,0,0,0,167348,8016,188,17268,12496,4772,768,1092,0,0,0,483952,263416,245760,3180,131512,
1421976291048098,1010,78,63110,51375,1006,359,345214,56375,1808,31,56396,59750,1801,93,168945,59750,2513,31,118041,52937,1504,515,753906,52937,1805,31,56396,55187,1005,31,31433,55187,3291,187,668945,60500,2512,31,78369,60437,967904,525976,775140,20380,230872,0,348692,70392,167860,168,180832,70224,8,0,205536,117100,762368,408876,0,0,32,0,167868,8016,188,17264,12496,4768,768,1092,0,0,0,483952,263416,245760,3180,131512,
1421976293121089,1009,46,63110,51375,1004,375,375976,56375,1805,46,84228,59750,1798,109,197021,59750,2505,31,117553,52937,1503,515,800781,52937,1798,31,56396,55187,1004,31,31372,55187,3290,203,617187,60500,2510,31,78491,60500,967904,518100,767264,20380,230872,0,356556,70392,175724,168,180832,70224,8,0,205536,115300,762368,402800,0,0,32,0,175684,8028,188,17264,12496,4768,768,1100,0,0,0,483952,268476,245760,3180,131512,
1421976295196348,1011,46,63110,51375,1003,406,391113,56375,1806,31,56457,59750,1802,109,168701,59750,2509,31,196289,53000,1506,500,752929,52937,1801,31,56518,55187,1004,31,31311,55187,3288,187,668945,60500,2510,31,78491,60500,967904,508680,757912,20380,230972,0,365864,70460,185032,168,180832,70292,8,0,205536,113320,762368,395360,0,0,132,0,185104,8028,188,17248,12496,4752,768,1116,0,0,0,483952,276432,245760,3180,131512,
1421976297276860,1010,78,78979,51375,1004,375,376464,56375,1805,31,56518,59750,1798,93,197021,59750,2516,31,118041,52937,1504,500,752929,52937,1801,31,56518,55187,1004,31,31372,55187,3290,187,668945,60437,2515,31,78369,60500,967904,502156,751444,20380,230996,0,372340,70516,191508,168,180832,70348,8,0,205536,111880,762368,390276,0,0,156,0,191636,8028,188,17252,12496,4756,768,1140,0,0,0,483952,280408,245760,3180,131512,
1421976299353335,1009,78,63110,51375,1004,375,392089,56375,1803,31,56396,59750,1801,109,169189,59750,2515,31,117797,52937,1505,593,988281,52875,1806,31,56396,55187,1002,31,31372,55187,3295,187,668945,60437,2510,31,78613,60500,967904,496924,746236,20380,231044,0,377680,70544,196848,168,180832,70376,8,0,205536,110740,762368,386184,0,0,204,0,196820,8028,188,17248,12492,4756,768,1140,0,0,0,483952,280408,245760,3180,131512,
1421976301446362,1010,62,63110,51375,1004,375,375000,56375,1808,31,56274,59750,1801,109,168945,59750,2518,31,78491,53000,1506,531,753906,52937,1806,31,56274,55187,1002,31,31433,55187,3292,203,617187,60500,2513,31,78369,60500,967904,495012,744356,20388,231048,0,379484,70576,198652,168,180832,70408,8,0,205536,110440,762368,384572,0,0,208,0,198636,8028,188,17248,12492,4756,768,1140,0,0,0,483952,280408,245760,3180,131512,
1421976303547130,1006,62,78735,51375,1005,406,407714,56375,1798,31,56396,59750,1801,93,168945,59750,2512,31,78735,52937,1505,515,777343,52937,1805,31,56396,55187,1004,31,31372,55187,3290,187,618164,60500,2515,31,78491,60500,967904,493540,742904,20388,231076,0,380920,70596,200088,168,180832,70428,8,0,205536,109960,762368,383580,0,0,236,0,200096,8028,188,17248,12492,4756,768,1140,0,0,0,483952,280408,245760,3180,131512,
1421976305626665,1010,62,47363,51375,1004,390,376464,56375,1802,31,56213,59750,1803,125,197265,59750,2518,62,118164,52937,1504,500,799804,52937,1802,31,56213,55187,1006,31,31433,55187,3287,234,720703,60500,2512,31,78369,60500,967904,493260,742660,20388,231104,0,381144,70632,200312,168,180832,70464,8,0,205536,109960,762368,383300,0,0,264,0,200348,8028,188,17248,12492,4756,768,1140,0,0,0,483952,280408,245760,3180,131512,
1421976307704762,1011,62,63232,51375,1005,406,408203,56375,1806,31,56274,59750,1798,125,168945,59750,2509,46,117553,52937,1504,515,752929,53000,1805,31,56274,55187,1004,31,31372,55187,3298,187,617187,60500,2510,31,78491,60500,967904,492860,742288,20396,231124,0,381536,70660,200704,168,180832,70492,8,0,205536,109900,762368,382960,0,0,284,0,200780,8028,188,17248,12492,4756,768,1144,0,0,0,483952,284964,245760,3180,131512,
1421976310898189,1009,62,63232,51375,1003,390,392089,56375,1803,31,56457,59750,1802,93,196044,59812,2516,31,78613,52937,1506,500,777343,52937,1805,31,56396,55187,1004,31,31372,55187,3290,203,514648,60500,2509,31,78491,60500,967904,491688,741164,20396,231172,0,382780,70708,201948,168,180832,70540,8,0,205536,109720,762368,381968,0,0,332,0,201888,8028,188,17260,12492,4768,768,1144,0,0,0,483952,284964,245760,3180,131512,
1421976312927644,1007,62,63232,51375,1004,375,376464,56375,1808,31,56396,59750,1801,109,224365,59812,2516,31,78613,53000,1507,500,777343,52937,1801,31,56335,55187,1003,31,31433,55187,3285,171,514648,60500,2508,31,78491,60500,967904,490456,739952,20404,231184,0,383884,70724,203048,168,180836,70556,8,0,205536,109480,762368,380976,0,0,352,0,203104,8028,188,17260,12492,4768,768,1144,0,0,0,483952,284964,245760,3180,131512,
1421976315002349,1009,62,63232,51375,1002,421,423339,56375,1809,31,56396,59750,1799,109,168945,59812,2520,31,78613,53000,1506,515,776367,52937,1805,31,56335,55187,1002,31,31372,55187,3292,187,667968,60500,2510,31,78491,60500,967904,488912,738456,20404,231224,0,385312,70764,204476,168,180836,70596,8,0,205536,109060,762368,379852,0,0,44,0,204508,8028,188,17276,12500,4776,768,1144,0,0,0,483952,284964,245760,3180,131512,
1421976317086345,1009,62,47241,51375,1001,406,407226,56375,1799,31,56396,59750,1801,93,168945,59812,2508,46,78369,53000,1505,484,752929,53000,1805,31,56396,55187,1004,31,31372,55187,3292,203,720703,60500,2513,31,78491,60500,967904,488852,738424,20404,231252,0,385412,70792,204576,168,180836,70624,8,0,205536,109000,762368,379852,0,0,72,0,204596,8028,188,17276,12500,4776,768,1144,0,0,0,483952,284964,245760,3180,131512,
1421976319162802,1009,46,47424,51375,1003,390,406738,56437,1799,31,56457,59750,1801,125,225097,59812,2518,31,78735,53000,1507,515,776367,52937,1802,31,56152,55187,1005,31,31372,55187,3295,187,617187,60500,2510,31,78613,60500,967904,488852,738444,20412,231264,0,385516,70812,204680,168,180836,70644,8,0,205536,109000,762368,379852,0,0,92,0,204708,8028,188,17264,12500,4764,768,1144,0,0,0,483952,284964,245760,3180,131512,
1421976321245193,1009,62,47363,51375,1004,375,392089,56375,1805,31,56396,59750,1803,93,168701,59812,2510,31,78491,53062,1507,515,801757,52937,1802,31,56396,55187,1004,31,31372,55250,3285,156,616210,60500,2510,31,78613,60500,967904,488480,738108,20412,231300,0,385688,70848,204852,168,180836,70680,8,0,205536,109000,762368,379480,0,0,120,0,204820,8028,188,17264,12500,4764,768,1144,0,0,0,483952,284964,245760,3180,131512,
1421976323322221,1009,62,47241,51375,1004,375,392578,56375,1796,31,56213,59750,1803,109,197265,59812,2520,31,78735,53000,1506,500,777343,52937,1802,31,56274,55187,1003,31,31433,55187,3292,171,565429,60500,2512,31,78491,60500,967904,488428,738072,20412,231316,0,385780,70864,204944,168,180836,70696,8,0,205536,108940,762368,379488,0,0,136,0,204988,8028,188,17256,12500,4756,768,1144,0,0,0,483952,284964,245760,3180,131512,
1421976325415432,1008,78,63110,51375,1005,406,391113,56375,1809,31,56518,59750,1801,125,197021,59812,2509,31,78491,53000,1507,500,752929,52937,1802,31,56396,55187,1004,31,31311,55187,3292,187,617187,60500,2513,31,78491,60500,967904,488336,737992,20420,231336,0,385856,70884,205020,168,180836,70716,8,0,205536,108880,762368,379456,0,0,124,0,205032,8028,188,17244,12492,4752,768,1144,0,0,0,483952,284964,245760,3180,131512,
1421976327506580,1011,62,63110,51375,1004,375,376953,56375,1802,31,56457,59750,1802,109,225585,59750,2519,46,78735,53000,1507,500,777343,52937,1802,31,56335,55187,1001,31,31372,55187,3295,171,617187,60500,2512,31,78491,60500,967904,488308,737980,20420,231352,0,385916,70900,205080,168,180836,70732,8,0,205536,108820,762368,379488,0,0,140,0,205060,8028,188,17244,12492,4752,768,1144,0,0,0,483952,284964,245760,3180,131512,
1421976329587497,1010,78,78979,51437,1003,390,376464,56375,1808,46,56396,59750,1799,109,197265,59750,2516,31,157226,53000,1506,500,776367,52937,1801,31,56274,55187,1003,31,31372,55187,3291,187,617187,60500,2513,31,78491,60500,967904,488308,737984,20428,231364,0,385972,70904,205136,168,180836,70736,8,0,205536,108820,762368,379488,0,0,156,0,205116,8028,188,17244,12492,4752,768,1144,0,0,0,483952,284964,245760,3180,131512,
1421976331665944,1011,78,94970,51437,1003,390,392089,56375,1806,31,56396,59750,1801,93,168945,59750,2516,62,78613,53000,1506,515,752929,52937,1806,31,56396,55187,1003,31,31372,55187,3290,187,617187,60500,2515,31,78491,60500,967904,488308,737984,20428,231372,0,385972,70904,205136,168,180836,70736,8,0,205536,108820,762368,379488,0,0,164,0,205116,8028,188,17244,12492,4752,768,1144,0,0,0,483952,284964,245760,3180,131512,
1421976333744060,1010,78,78979,51375,1004,406,392578,56375,1806,31,56396,59750,1799,109,168945,59750,2515,31,78491,53000,1507,500,777343,52937,1803,31,56213,55187,1003,31,31433,55187,3294,203,668945,60500,2509,31,78491,60500,967904,488248,737924,20428,231388,0,386040,70904,205204,168,180836,70736,8,0,205536,108760,762368,379488,0,0,180,0,205184,8028,188,17252,12492,4760,768,1144,0,0,0,483952,284964,245760,3180,131512,
1421976335826046,1009,62,62988,51375,1004,375,344238,56375,1803,31,56396,59750,1801,93,197021,59750,2516,31,78613,52937,1506,546,776367,52937,1805,31,56396,55187,1003,31,31372,55187,3291,171,617187,60500,2513,31,78369,60500,967904,488124,737856,20436,231404,0,386040,70960,205204,168,180836,70792,8,0,205536,108760,762368,379364,0,0,196,0,205208,8028,188,17256,12492,4764,768,1144,0,0,0,483952,284964,245760,3180,131512,
1421976337917156,1009,62,63232,51375,1004,390,392578,56375,1803,31,56396,59750,1792,125,197021,59812,2515,31,78735,52937,1507,500,753906,52937,1803,31,56335,55187,1005,31,31372,55250,3294,187,617187,60500,2510,31,78491,60437,967904,488124,737872,20436,231412,0,386080,70976,205244,168,180836,70808,8,0,205536,108760,762368,379364,0,0,204,0,205252,8028,188,17256,12492,4764,768,1144,0,0,0,483952,284964,245760,3180,131512,
1421976340017409,1010,62,63232,51375,1003,375,376953,56312,1803,31,56335,59750,1802,93,140625,59812,2516,31,78613,52937,1507,515,776367,52937,1802,31,56396,55187,1003,31,31433,55250,3294,218,721679,60437,2513,31,78613,60437,967904,488064,737824,20436,231420,0,386128,70988,205292,168,180836,70820,8,0,205536,108700,762368,379364,0,0,212,0,205296,8028,188,17256,12492,4764,768,1144,0,0,0,483952,284964,245760,3180,131512,
1421976342095082,1009,93,63110,51312,1004,406,391601,56312,1803,31,56396,59750,1803,109,196777,59750,2520,31,78735,52937,1507,515,753906,52937,1799,31,56396,55187,1004,31,31311,55187,3292,187,617187,60437,2515,31,78369,60437,967904,487820,737652,20444,231512,0,386216,71060,205380,168,180836,70892,8,0,205536,108580,762368,379240,0,0,312,0,205368,8028,188,17256,12492,4764,768,1144,0,0,0,483952,284964,245760,3180,131512,
1421976344177639,1010,78,78857,51312,1002,390,407714,56312,1806,31,56396,59750,1803,109,196777,59750,2509,31,78613,52937,1509,500,751953,52937,1802,31,56274,55187,1004,31,31372,55187,3295,187,669921,60437,2508,31,78613,60500,967904,487820,737712,20444,231568,0,386276,71120,205440,168,180836,70952,8,0,205536,108580,762368,379240,0,0,360,0,205444,8028,188,17260,12492,4768,768,1144,0,0,0,483952,284964,245760,3180,131512,
1421976346260492,1011,46,47302,51312,1004,375,391601,56312,1805,31,56396,59750,1798,125,196289,59750,2510,31,117675,52937,1506,500,752929,52937,1798,31,56396,55187,1004,31,31433,55125,3292,203,668945,60437,2513,31,78369,60437,967904,487688,737616,20444,231596,0,386300,71148,205464,168,180836,70980,8,0,205536,108580,762368,379108,0,0,376,0,205444,8028,188,17276,12500,4776,768,1144,0,0,0,483952,284964,245760,3180,131512,
1421976348345390,1009,93,63110,51375,1002,390,391601,56312,1806,31,56518,59750,1801,93,168945,59750,2519,46,78735,52937,1504,500,753906,52937,1805,31,56335,55187,1003,31,31311,55187,3291,203,668945,60500,2510,31,78491,60500,967904,487688,737672,20452,231640,0,386300,71204,205464,168,180836,71036,8,0,205536,108580,762368,379108,0,0,432,0,205444,8028,188,17276,12500,4776,768,1144,0,0,0,483952,284964,245760,3180,131512,
1421976350427100,1010,62,63110,51375,1003,390,391113,56375,1798,31,56396,59750,1799,109,169433,59750,2515,31,78735,52937,1507,500,776367,52937,1801,31,56335,55187,1004,31,31372,55187,3294,171,565429,60437,2515,31,78491,60437,967904,487688,737696,20452,231640,0,386300,71228,205464,168,180836,71060,8,0,205536,108580,762368,379108,0,0,16,0,205444,8028,188,17276,12500,4776,768,1144,0,0,0,483952,284964,245760,3180,131512,
1421976352528735,1009,78,47363,51375,1001,390,376464,56375,1802,46,56091,59750,1795,109,224365,59750,2519,31,78857,53000,1506,546,824218,52937,1805,31,56457,55187,1004,31,31372,55187,3290,187,668945,60500,2513,31,78491,60437,967904,487564,737624,20452,231720,0,386304,71280,205468,168,180836,71112,8,0,205536,108580,762368,378984,0,0,96,0,205448,8028,188,17276,12500,4776,768,1144,0,0,0,483952,284964,245760,3180,131512,
1421976354611072,1012,62,63110,51375,1002,375,392578,56375,1806,31,56213,59750,1799,93,197265,59750,2518,31,117919,53000,1506,500,752929,53000,1803,31,56396,55187,1004,31,31372,55187,3292,203,618164,60500,2512,31,78491,60437,967904,487580,737676,20460,231728,0,386284,71308,205440,168,180844,71140,8,0,205536,108580,762368,379000,0,0,112,0,205420,8028,188,17268,12500,4768,760,1144,0,0,0,483952,284964,245760,3180,131512,
1421976356695712,1010,62,63232,51375,1003,390,376464,56375,1809,31,56213,59750,1799,109,168945,59750,2520,31,78613,52937,1507,500,776367,52937,1805,31,56213,55125,1001,31,31311,55187,3294,203,668945,60437,2512,31,78369,60500,967904,487520,737664,20460,231824,0,386296,71356,205452,168,180844,71188,8,0,205536,108520,762368,379000,0,0,208,0,205432,8028,188,17268,12500,4768,760,1144,0,0,0,483952,284964,245760,3180,131512,
1421976358787246,1010,78,79101,51375,1002,406,391601,56375,1805,31,56396,59750,1801,109,197021,59750,2516,31,78613,52937,1506,515,752929,52937,1801,31,56457,55125,1003,31,31433,55125,3295,187,617187,60437,2510,31,78613,60437,967904,487428,737600,20460,231868,0,386296,71392,205452,168,180844,71224,8,0,205536,108460,762368,378968,0,0,252,0,205432,8028,188,17252,12492,4760,760,1144,0,0,0,483952,284964,245760,3180,131512,
1421976360863979,1010,78,78857,51375,1004,390,392089,56312,1803,46,56396,59750,1795,109,196044,59750,2507,31,78247,52937,1507,500,752929,52875,1801,31,56396,55125,1004,31,31433,55125,3290,187,668945,60500,2509,31,78369,60437,967904,487460,737700,20460,231928,0,386312,71460,205468,168,180844,71292,8,0,205536,108460,762368,379000,0,0,312,0,205448,8028,188,17256,12492,4764,760,1144,0,0,0,483952,284964,245760,3180,131512,
1421976362947422,1007,78,78857,51375,1005,406,391601,56312,1802,31,56518,59687,1794,109,168945,59750,2510,31,117431,52937,1506,500,776367,52875,1806,31,56335,55125,1003,31,31311,55187,3292,171,566406,60500,2510,31,78491,60437,967904,487336,737632,20468,231940,0,386312,71516,205468,168,180844,71348,8,0,205536,108460,762368,378876,0,0,324,0,205448,8028,188,17256,12492,4764,760,1144,0,0,0,483952,284964,245760,3180,131512,
1421976365024708,1010,78,63110,51375,1005,375,392578,56312,1802,31,84472,59687,1801,93,196044,59750,2519,31,78613,52937,1506,515,752929,52937,1802,31,56335,55187,1001,31,31372,55187,3295,171,617187,60500,2509,31,78369,60437,967904,487336,737740,20468,232028,0,386312,71624,205468,168,180844,71456,8,0,205536,108460,762368,378876,0,0,392,0,205448,8028,188,17256,12492,4764,760,1144,0,0,0,483952,284964,245760,3180,131512,
1421976367105109,1009,78,63110,51375,1002,359,392578,56375,1796,31,56396,59687,1803,93,196777,59750,2513,31,78491,52937,1506,500,775390,52875,1802,31,56213,55187,1004,31,31433,55187,3288,187,618164,60437,2509,31,78613,60437,967904,487212,737616,20468,232036,0,386312,71624,205468,168,180844,71456,8,0,205536,108460,762368,378752,0,0,400,0,205448,8028,188,17256,12492,4764,760,1144,0,0,0,483952,284964,245760,3180,131512,
1421976369198984,1010,78,94726,51375,1004,390,391601,56375,1801,31,84716,59687,1794,93,197265,59750,2507,31,78491,52937,1506,500,775390,52875,1803,31,56335,55187,1003,31,31372,55187,3288,187,514648,60500,2509,31,78491,60437,967904,487212,737616,20476,232072,0,386312,71624,205468,168,180844,71456,8,0,205536,108460,762368,378752,0,0,444,0,205448,8028,188,17256,12492,4764,760,1144,0,0,0,483952,284964,245760,3180,131512,
1421976371275348,1009,78,78979,51375,1001,390,392089,56312,1806,31,56213,59687,1802,125,196777,59750,2516,31,78735,52875,1506,500,777343,52875,1803,31,56274,55187,1003,31,31433,55187,3291,203,618164,60437,2510,31,78613,60437,967904,487212,737672,20476,232128,0,386312,71680,205468,168,180844,71512,8,0,205536,108460,762368,378752,0,0,496,0,205448,8028,188,17256,12492,4764,760,1144,0,0,0,483952,284964,245760,3180,131512,
1421976373381075,1009,62,63232,51375,1002,390,392578,56375,1803,31,56457,59750,1802,109,197021,59750,2513,62,118041,52937,1506,500,752929,52937,1801,31,56396,55187,1005,31,31372,55187,3288,203,617187,60437,2505,31,78613,60437,967904,487180,737696,20476,232172,0,386312,71736,205468,168,180844,71568,8,0,205536,108460,762368,378720,0,0,540,0,205448,8028,188,17256,12492,4764,760,1144,0,0,0,483952,284964,245760,3180,131512,
1421976375456665,1010,46,63232,51375,1003,390,392578,56375,1805,31,56518,59750,1798,93,167968,59750,2508,31,78491,52937,1506,500,729492,52875,1803,31,56396,55187,1004,31,31372,55187,3290,203,617187,60437,2510,31,78613,60437,967904,487088,737716,20484,232256,0,386312,71848,205468,168,180844,71680,8,0,205536,108460,762368,378628,0,0,624,0,205448,8028,188,17256,12492,4764,760,1144,0,0,0,483952,284964,245760,3180,131512,
1421976377533011,1009,62,47363,51375,1004,406,391113,56375,1803,31,56457,59750,1798,109,196777,59750,2510,31,78491,52875,1508,515,775390,52875,1802,31,56274,55187,1004,31,31372,55125,3291,203,617187,60437,2515,31,78491,60437,967904,487088,737716,20484,232260,0,386312,71848,205468,168,180844,71680,8,0,205536,108460,762368,378628,0,0,628,0,205448,8028,188,17256,12492,4764,760,1144,0,0,0,483952,284964,245760,3180,131512,
1421976379608583,1007,78,63110,51375,1002,406,407714,56375,1806,31,56457,59750,1803,109,196777,59750,2518,31,78735,52937,1507,515,730468,52937,1803,31,56152,55187,1005,31,31372,55187,3292,203,617187,60437,2510,31,78369,60500,967904,486964,737648,20484,232304,0,386312,71904,205468,168,180844,71736,8,0,205536,108460,762368,378504,0,0,672,0,205448,8028,188,17256,12492,4764,760,1144,0,0,0,483952,284964,245760,3180,131512,
1421976381683916,1006,62,63232,51375,999,390,392578,56375,1803,31,56396,59750,1796,109,168945,59750,2507,31,78491,52937,1505,500,753906,52875,1803,31,56335,55187,1005,31,31433,55187,3291,203,668945,60437,2512,31,78491,60500,967904,486964,737704,20492,232348,0,386312,71960,205468,168,180844,71792,8,0,205536,108460,762368,378504,0,0,716,0,205448,8028,188,17256,12492,4764,760,1144,0,0,0,483952,284964,245760,3180,131512,
1421976383765220,1009,62,63232,51375,1002,390,392089,56375,1805,31,56396,59750,1795,93,168212,59750,2519,31,78735,52937,1504,500,753906,52875,1801,31,56335,55187,1004,31,31372,55187,3294,203,617187,60437,2512,31,78491,60500,967904,486964,737704,20492,232392,0,386312,71960,205468,168,180844,71792,8,0,205536,108460,762368,378504,0,0,760,0,205448,8028,188,17256,12492,4764,760,1144,0,0,0,483952,284964,245760,3180,131512,
1421976385844847,1007,62,47363,51375,1005,390,376953,56312,1802,31,56396,59750,1792,125,196777,59750,2505,46,78369,52875,1503,515,776367,52875,1798,31,56396,55187,1002,31,31372,55187,3296,203,668945,60437,2510,31,78613,60437,967904,486832,737636,20492,232440,0,386312,72016,205468,168,180844,71848,8,0,205536,108460,762368,378372,0,0,52,0,205448,8028,188,17272,12500,4772,760,1144,0,0,0,483952,284964,245760,3180,131512,
1421976387926649,1010,62,78613,51375,1004,390,407714,56312,1805,31,56274,59750,1802,93,169189,59750,2510,31,78369,52937,1505,500,776367,52937,1802,31,56213,55187,1004,31,31311,55187,3294,187,617187,60437,2510,31,78613,60437,967904,486832,737636,20500,232440,0,386312,72016,205468,168,180844,71848,8,0,205536,108460,762368,378372,0,0,68,0,205448,8028,188,17268,12500,4768,760,1144,0,0,0,483952,284964,245760,3180,131512,
1421976390002423,1011,78,78979,51312,1004,390,360839,56312,1805,31,56396,59750,1799,125,224853,59750,2518,46,78735,52875,1506,500,752929,52937,1805,31,56335,55187,1004,31,31433,55187,3291,203,669921,60437,2509,31,78369,60437,967904,486800,737716,20500,232528,0,386312,72128,205468,168,180844,71960,8,0,205536,108460,762368,378340,0,0,156,0,205448,8028,188,17268,12500,4768,760,1144,0,0,0,483952,284964,245760,3180,131512,
1421976392079801,1010,62,63110,51312,1002,390,407226,56312,1798,31,56335,59750,1801,109,197265,59750,2510,31,156982,52937,1505,500,776367,52937,1803,31,56213,55187,1002,31,31433,55187,3292,187,616210,60437,2516,31,78491,60437,967904,486716,737632,20500,232536,0,386312,72128,205468,168,180844,71960,8,0,205536,108460,762368,378256,0,0,164,0,205448,8028,188,17260,12500,4760,760,1144,0,0,0,483952,284964,245760,3180,131512,
1421976394164258,1012,46,47302,51312,1002,390,375488,56312,1805,31,56518,59750,1803,109,225585,59750,2516,31,78613,52937,1507,500,776367,52937,1796,31,56396,55187,1002,31,31372,55125,3290,171,616210,60437,2513,31,78491,60437,967904,486716,737688,20508,232584,0,386312,72184,205468,168,180844,72016,8,0,205536,108460,762368,378256,0,0,212,0,205448,8028,188,17260,12500,4760,760,1144,0,0,0,483952,284964,245760,3180,131512,
1421976396259884,1009,62,63110,51375,1004,390,391601,56375,1808,31,84838,59750,1794,125,224853,59750,2507,31,78369,52937,1507,500,752929,52937,1805,31,56213,55187,1003,31,31372,55187,3295,203,668945,60437,2512,31,78613,60437,967904,486592,737624,20508,232644,0,386316,72244,205468,168,180848,72076,8,0,205536,108460,762368,378132,0,0,276,0,205448,8028,188,17256,12496,4760,760,1144,0,0,0,483952,284964,245760,3180,131512,
1421976398335880,1009,62,63232,51375,1004,390,407714,56312,1806,31,56396,59750,1801,109,168945,59812,2520,31,117919,52937,1507,500,753906,52937,1805,31,56091,55187,1005,31,31372,55187,3294,187,668945,60437,2513,31,78491,60437,967904,486468,737568,20508,232744,0,386316,72312,205468,168,180848,72144,8,0,205536,108460,762368,378008,0,0,376,0,205448,8028,188,17256,12496,4760,760,1144,0,0,0,483952,284964,245760,3180,131512,
1421976400419893,1009,62,78735,51375,1004,375,391601,56312,1801,31,56518,59750,1802,109,197265,59812,2513,62,78369,52937,1506,500,776367,52875,1805,31,56335,55187,1004,31,31433,55125,3294,187,618164,60500,2513,31,78369,60437,967904,486436,737576,20516,232740,0,386316,72356,205468,168,180848,72188,8,0,205536,108460,762368,377976,0,0,352,0,205448,8028,188,17260,12492,4768,760,1144,0,0,0,483952,284964,245760,3180,131512,
1421976402495907,1010,62,78979,51375,1002,390,391113,56312,1802,31,56396,59750,1801,109,197021,59812,2519,31,78735,52937,1506,500,752929,52937,1799,31,56396,55187,1004,31,31311,55187,3291,187,565429,60437,2509,31,78369,60437,967904,486344,737540,20516,232776,0,386316,72412,205468,168,180848,72244,8,0,205536,108460,762368,377884,0,0,388,0,205448,8028,188,17260,12492,4768,760,1144,0,0,0,483952,284964,245760,3180,131512,
1421976404573968,1007,46,47302,51375,1004,390,391601,56375,1805,31,56518,59750,1802,93,168701,59812,2521,31,78735,52937,1506,515,752929,52937,1803,31,56396,55187,1004,31,31433,55187,3292,171,565429,60437,2513,31,78491,60437,967904,486344,737540,20516,232816,0,386316,72412,205468,168,180848,72244,8,0,205536,108460,762368,377884,0,0,28,0,205448,8028,188,17260,12492,4768,760,1144,0,0,0,483952,284964,245760,3180,131512,
1421976406657392,1009,78,78979,51375,1001,312,281738,56375,1802,31,56396,59750,1798,93,197265,59812,2513,31,118041,52937,1507,515,776367,52937,1802,31,56213,55187,1004,31,31372,55187,3291,234,720703,60437,2512,31,78369,60437,967904,630776,882064,20516,232852,0,241452,72492,60604,168,180848,72324,8,0,205536,140020,762368,490756,0,0,0,320,60584,7064,188,17304,12504,4800,720,792,0,0,0,483952,78152,245760,3180,131512,
1421976408730125,1009,62,78613,51437,1003,281,282226,56375,1806,31,56396,59750,1801,109,169433,59812,2520,31,118164,52937,1507,515,776367,52937,1799,31,56457,55187,1003,31,31372,55187,3292,187,617187,60437,2512,31,78613,60437,967904,630792,882084,20524,232852,0,241452,72496,60604,168,180848,72328,8,0,205536,140020,762368,490772,0,0,28,0,60584,7064,188,17304,12504,4800,720,788,0,0,0,483952,78152,245760,3180,131512,
1421976410802619,1010,46,63110,51437,1004,281,267089,56375,1806,31,56213,59750,1799,125,225097,59812,2513,31,118041,52937,1506,500,777343,52937,1802,31,56274,55187,1003,31,31372,55187,3296,203,668945,60500,2512,31,78613,60437,967904,630792,882084,20524,232852,0,241452,72496,60604,168,180848,72328,8,0,205536,140020,762368,490772,0,0,28,0,60584,7064,188,17304,12504,4800,720,788,0,0,0,483952,78152,245760,3180,131512,
1421976412875868,1009,62,47241,51437,998,296,298339,56437,1806,31,56396,59750,1802,109,196533,59812,2512,31,78613,52937,1508,500,776367,52937,1805,31,56335,55125,1003,31,31372,55187,3294,203,618164,60500,2509,31,78491,60437,967904,630800,882092,20524,232852,0,241452,72496,60604,168,180848,72328,8,0,205536,140020,762368,490780,0,0,28,0,60584,7064,188,17284,12504,4780,720,788,0,0,0,483952,78152,245760,3180,131512,
1421976414948417,1010,46,78979,51437,1003,296,281738,56437,1805,31,56457,59750,1799,125,197265,59812,2519,31,78613,52937,1505,500,752929,52937,1802,31,56335,55187,1004,31,31433,55187,3290,187,668945,60500,2515,31,78491,60500,967904,630800,882092,20524,232852,0,241452,72496,60604,168,180848,72328,8,0,205536,140020,762368,490780,0,0,28,0,60584,7064,188,17284,12504,4780,720,788,0,0,0,483952,78152,245760,3180,131512,
1421976417028744,1008,46,78979,51437,1004,281,281738,56437,1805,31,56274,59750,1796,125,196044,59812,2519,31,78613,52937,1507,515,752929,52937,1802,31,56335,55187,1003,31,31372,55187,3294,203,667968,60500,2509,31,78491,60500,967904,630800,882084,20524,232852,0,241452,72496,60604,168,180848,72328,8,0,205536,140020,762368,490780,0,0,28,0,60584,7064,188,17256,12496,4760,720,788,0,0,0,483952,78152,245760,3180,131512,
1421976419101551,1009,78,78979,51437,998,281,282226,56437,1805,31,56396,59750,1795,109,224609,59812,2518,31,157226,52937,1506,515,776367,52875,1802,31,56274,55187,1003,31,31372,55187,3292,187,617187,60500,2510,31,78491,60437,967904,630768,882052,20524,232852,0,241452,72496,60604,168,180848,72328,8,0,205536,140020,762368,490748,0,0,28,0,60584,7064,188,17256,12496,4760,720,788,0,0,0,483952,78152,245760,3180,131512,
1421976421174579,1009,46,47241,51437,1002,296,282226,56437,1805,31,56396,59750,1801,109,168945,59750,2519,31,157226,52937,1507,515,753906,52875,1803,31,56518,55187,1005,31,31433,55187,3296,171,616210,60500,2509,31,78491,60500,967904,630800,882076,20524,232852,0,241452,72496,60604,168,180848,72328,8,0,205536,140020,762368,490780,0,0,28,0,60584,7064,188,17244,12488,4756,720,788,0,0,0,483952,78152,245760,3180,131512,
1421976423247553,1010,46,47424,51437,1003,312,298339,56437,1798,31,56396,59750,1802,109,196777,59750,2513,31,78735,52937,1506,515,776367,52875,1801,31,56396,55187,1004,31,31372,55187,3294,187,617187,60500,2512,31,78491,60500,967904,630800,882076,20524,232852,0,241452,72496,60604,168,180848,72328,8,0,205536,140020,762368,490780,0,0,28,0,60584,7064,188,17244,12488,4756,720,788,0,0,0,483952,78152,245760,3180,131512,
1421976425319585,1009,78,63232,51437,1003,281,298339,56437,1803,31,56518,59750,1805,93,168945,59750,2518,31,78613,52937,1507,515,753906,52875,1803,31,56396,55187,1004,31,31433,55187,3294,203,668945,60500,2512,31,78247,60437,967904,630800,882076,20524,232852,0,241452,72496,60604,168,180848,72328,8,0,205536,140020,762368,490780,0,0,28,0,60584,7064,188,17244,12488,4756,720,788,0,0,0,483952,78152,245760,3180,131512,
1421976427393130,1006,62,78735,51437,1001,281,282226,56375,1802,31,56518,59750,1798,125,168701,59812,2518,46,78735,52937,1507,500,753906,52875,1805,31,56274,55187,1002,31,31372,55187,3294,187,566406,60500,2513,31,78491,60500,967904,630800,882076,20524,232852,0,241452,72496,60604,168,180848,72328,8,0,205536,140020,762368,490780,0,0,28,0,60584,7064,188,17248,12488,4760,720,788,0,0,0,483952,78152,245760,3180,131512,
1421976429466158,1013,62,78857,51437,1004,312,282226,56375,1805,31,56396,59750,1792,109,197265,59812,2516,31,78613,52937,1507,515,777343,52875,1805,31,56274,55187,1004,31,31372,55187,3296,187,617187,60500,2510,31,78369,60500,967904,630800,882076,20524,232852,0,241452,72496,60604,168,180848,72328,8,0,205536,140020,762368,490780,0,0,28,0,60584,7064,188,17248,12488,4760,720,788,0,0,0,483952,78152,245760,3180,131512,
1421976431539536,1009,62,78979,51437,1006,281,282226,56375,1805,31,56396,59750,1806,93,197265,59812,2518,31,78735,52937,1508,500,777343,52875,1803,31,56274,55187,1004,31,31372,55187,3291,187,565429,60500,2510,31,78491,60500,967904,630800,882076,20524,232852,0,241452,72496,60604,168,180848,72328,8,0,205536,140020,762368,490780,0,0,28,0,60584,7064,188,17248,12488,4760,720,788,0,0,0,483952,78152,245760,3180,131512,
1421976433648305,1009,78,78979,51437,1002,265,282226,56437,1803,31,56335,59750,1798,93,168945,59812,2515,31,78613,52937,1506,515,776367,52937,1802,31,56396,55187,1004,31,31372,55125,3292,203,617187,60500,2509,31,78369,60500,967904,630800,882076,20524,232852,0,241452,72496,60604,168,180848,72328,8,0,205536,140020,762368,490780,0,0,28,0,60584,7064,188,17248,12488,4760,720,788,0,0,0,483952,78152,245760,3180,131512,
1421976435721572,1006,62,62866,51437,1003,281,266601,56437,1806,31,56457,59750,1799,109,168945,59812,2518,46,78735,52937,1506,515,776367,52875,1809,31,56274,55187,1004,31,31433,55187,3295,187,617187,60500,2512,31,78491,60500,967904,630768,882044,20524,232852,0,241452,72496,60604,168,180848,72328,8,0,205536,140020,762368,490748,0,0,28,0,60584,7064,188,17248,12488,4760,720,788,0,0,0,483952,78152,245760,3180,131512,
1421976437794896,1008,46,47302,51437,1004,281,282226,56375,1802,31,84594,59750,1802,109,197509,59812,2518,31,78735,52875,1505,500,752929,52875,1802,31,56335,55125,1004,31,31433,55125,3292,203,669921,60500,2509,31,78491,60500,967904,630768,882048,20524,232860,0,241452,72496,60604,168,180848,72328,8,0,205536,140020,762368,490748,0,0,40,0,60584,7064,188,17252,12492,4760,720,788,0,0,0,483952,78152,245760,3180,131512,
1421976439874504,1008,78,63110,51437,1003,281,282226,56375,1806,31,56335,59750,1803,93,168701,59812,2519,46,78613,52937,1507,531,751953,52875,1796,31,56396,55125,1003,31,31372,55125,3295,171,566406,60437,2512,31,78369,60500,967904,630768,882048,20524,232860,0,241452,72496,60604,168,180848,72328,8,0,205536,140020,762368,490748,0,0,40,0,60584,7064,188,17248,12492,4756,720,788,0,0,0,483952,78152,245760,3180,131512,
1421976441948528,1008,62,47302,51437,1001,281,298339,56437,1803,31,56518,59750,1801,93,168457,59812,2516,31,117797,52937,1506,515,776367,52875,1801,31,56396,55125,1004,31,31433,55125,3295,156,566406,60500,2512,31,78491,60500,967904,630800,882080,20532,232852,0,241452,72496,60604,168,180848,72328,8,0,205536,140020,762368,490780,0,0,40,0,60584,7064,188,17248,12492,4756,720,788,0,0,0,483952,78152,245760,3180,131512,
1421976444021482,1012,46,47363,51437,1001,265,266113,56375,1805,31,56518,59750,1798,93,168945,59812,2520,31,78613,52937,1506,500,777343,52875,1799,31,56396,55125,1002,31,31311,55125,3291,203,668945,60500,2510,31,78491,60500,967904,630800,882084,20532,232860,0,241452,72500,60604,168,180848,72332,8,0,205536,140020,762368,490780,0,0,16,0,60584,7064,188,17248,12492,4756,720,788,0,0,0,483952,78152,245760,3180,131512,
1421976446096188,1010,78,78979,51437,1001,265,267089,56375,1812,46,56457,59750,1794,109,197265,59812,2510,31,78369,52937,1506,515,776367,52875,1805,31,56457,55125,1004,31,31433,55187,3295,171,668945,60500,2512,31,78613,60500,967904,630800,882084,20532,232860,0,241452,72500,60604,168,180848,72332,8,0,205536,140020,762368,490780,0,0,16,0,60584,7064,188,17248,12492,4756,720,788,0,0,0,483952,78152,245760,3180,131512,
1421976448168626,1007,62,63110,51437,1000,281,282226,56375,1801,31,56396,59750,1801,93,168701,59812,2510,31,78247,52937,1506,515,776367,52875,1802,31,56396,55125,1003,31,31372,55187,3295,187,616210,60500,2515,31,78491,60500,967904,630800,882080,20532,232860,0,241452,72500,60604,168,180848,72332,8,0,205536,140020,762368,490780,0,0,16,0,60584,7064,188,17244,12488,4756,720,788,0,0,0,483952,78152,245760,3180,131512,
1421976450242299,1011,62,78857,51375,999,265,281738,56375,1808,31,56213,59750,1802,109,169189,59812,2521,62,78613,52937,1505,515,776367,52875,1799,31,56213,55125,1004,31,31433,55125,3294,187,565429,60500,2509,31,78491,60500,967904,630800,882080,20532,232860,0,241452,72500,60604,168,180848,72332,8,0,205536,140020,762368,490780,0,0,16,0,60584,7064,188,17244,12488,4756,720,788,0,0,0,483952,78152,245760,3180,131512,
1421976452315457,1007,78,78979,51437,1003,281,266601,56437,1805,31,84594,59812,1794,93,168945,59812,2518,31,78613,52875,1506,500,752929,52875,1798,31,56335,55187,1004,31,31372,55125,3296,203,565429,60500,2512,31,78369,60500,967904,630800,882080,20532,232860,0,241452,72500,60604,168,180848,72332,8,0,205536,140020,762368,490780,0,0,16,0,60584,7064,188,17244,12488,4756,720,788,0,0,0,483952,78152,245760,3180,131512,
1421976454388005,1010,78,63110,51437,1004,281,282226,56437,1808,31,56396,59750,1799,93,197265,59812,2519,31,78735,52875,1506,515,777343,52875,1795,31,56396,55187,1001,31,31372,55125,3292,218,617187,60500,2513,31,78613,60500,967904,630800,882080,20532,232860,0,241452,72500,60604,168,180848,72332,8,0,205536,140020,762368,490780,0,0,16,0,60584,7064,188,17244,12488,4756,720,788,0,0,0,483952,78152,245760,3180,131512,
1421976456461494,1006,78,63232,51437,1004,281,282226,56437,1802,31,56213,59812,1801,93,225097,59812,2508,46,78491,52937,1505,515,800781,52875,1796,31,56396,55187,1002,31,31372,55187,3298,171,617187,60500,2512,31,78613,60500,967904,630800,882080,20532,232860,0,241452,72500,60604,168,180848,72332,8,0,205536,140020,762368,490780,0,0,16,0,60584,7064,188,17244,12488,4756,720,788,0,0,0,483952,78152,245760,3180,131512,
1421976458550006,1006,93,78735,51437,1000,281,266113,56437,1799,31,56457,59812,1805,93,197509,59812,2510,31,78491,52937,1507,515,777343,52875,1802,31,56396,55187,1002,31,31433,55187,3291,171,617187,60437,2507,31,78613,60500,967904,630800,882080,20532,232860,0,241452,72500,60604,168,180848,72332,8,0,205536,140020,762368,490780,0,0,16,0,60584,7064,188,17244,12488,4756,720,788,0,0,0,483952,78152,245760,3180,131512,
1421976460622923,1009,46,62988,51437,1000,281,266601,56437,1803,31,56396,59750,1802,93,196777,59812,2513,31,157226,52937,1504,515,776367,52937,1801,31,56335,55187,1004,31,31311,55187,3291,203,668945,60437,2513,31,78491,60437,967904,630768,882048,20532,232860,0,241452,72500,60604,168,180848,72332,8,0,205536,140020,762368,490748,0,0,16,0,60584,7064,188,17244,12488,4756,720,788,0,0,0,483952,78152,245760,3180,131512,
1421976462694680,1010,62,78857,51437,1004,281,281250,56437,1803,31,56579,59812,1802,109,168945,59812,2510,31,78613,52937,1507,515,752929,52875,1802,31,56335,55187,1004,31,31372,55187,3292,187,668945,60437,2510,31,78613,60437,967904,630800,882080,20532,232860,0,241452,72500,60604,168,180848,72332,8,0,205536,140020,762368,490780,0,0,16,0,60584,7064,188,17244,12488,4756,720,788,0,0,0,483952,78152,245760,3180,131512,
1421976464766823,1008,62,47363,51437,1004,312,298339,56437,1803,31,56213,59812,1799,125,197265,59812,2507,46,117797,52875,1504,515,776367,52875,1803,31,56213,55187,1004,31,31372,55187,3291,203,567382,60500,2512,31,78613,60437,967904,630800,882080,20532,232860,0,241452,72500,60604,168,180848,72332,8,0,205536,140020,762368,490780,0,0,16,0,60584,7064,188,17244,12488,4756,720,788,0,0,0,483952,78152,245760,3180,131512,
1421976466839096,1009,62,63232,51437,1001,281,282226,56437,1805,31,56518,59812,1801,109,168945,59812,2518,31,78857,52875,1507,515,776367,52875,1799,31,56396,55187,1004,31,31433,55187,3295,171,566406,60437,2513,31,78613,60437,967904,630800,882080,20532,232860,0,241452,72500,60604,168,180848,72332,8,0,205536,140020,762368,490780,0,0,16,0,60584,7064,188,17244,12488,4756,720,788,0,0,0,483952,78152,245760,3180,131512,
1421976468910760,1010,62,47424,51437,1004,281,297851,56437,1801,31,56518,59812,1805,109,197021,59812,2518,31,78735,52875,1507,531,776367,52875,1805,31,56518,55187,1005,31,31372,55187,3295,187,617187,60500,2507,31,78491,60437,967904,630792,882084,20532,232860,0,241452,72500,60604,168,180848,72332,8,0,205536,140020,762368,490772,0,0,4,0,60584,7064,188,17264,12500,4764,720,788,0,0,0,483952,78152,245760,3180,131512,
1421976470982738,1008,62,63110,51437,1002,281,297851,56437,1805,31,56335,59812,1802,93,197265,59812,2508,46,117431,52875,1507,515,776367,52875,1803,31,56335,55125,1002,31,31433,55187,3291,187,617187,60437,2509,31,78491,60375,967904,630792,882084,20532,232860,0,241452,72500,60604,168,180848,72332,8,0,205536,140020,762368,490772,0,0,4,0,60584,7064,188,17264,12500,4764,720,788,0,0,0,483952,78152,245760,3180,131512,
1421976473055250,1009,62,62988,51437,1001,296,282714,56437,1798,31,56396,59812,1802,109,167968,59812,2508,78,156738,52937,1507,515,776367,52875,1799,31,56457,55187,1002,31,31433,55187,3291,187,617187,60437,2510,31,78369,60437,967904,630792,882088,20540,232860,0,241452,72504,60604,168,180848,72336,8,0,205536,140020,762368,490772,0,0,12,0,60584,7064,188,17264,12500,4764,720,788,0,0,0,483952,78152,245760,3180,131512,
1421976475127191,1012,62,63232,51437,1005,296,298339,56437,1799,31,56335,59812,1805,93,168945,59812,2518,46,118041,52937,1503,500,776367,52875,1802,31,56396,55187,1003,31,31433,55187,3290,203,617187,60437,2510,31,78613,60437,967904,630760,882056,20540,232860,0,241452,72504,60604,168,180848,72336,8,0,205536,140020,762368,490740,0,0,12,0,60584,7064,188,17264,12500,4764,720,788,0,0,0,483952,78152,245760,3180,131512,
1421976477199463,1009,62,79101,51437,1001,265,282226,56437,1806,31,84472,59812,1803,93,197265,59812,2519,31,78613,52937,1507,515,776367,52937,1802,31,56335,55187,1003,31,31372,55187,3287,203,617187,60437,2512,31,78247,60437,967904,630800,882096,20540,232860,0,241452,72504,60604,168,180848,72336,8,0,205536,140020,762368,490780,0,0,0,0,60584,7064,188,17256,12500,4756,720,788,0,0,0,483952,78152,245760,3180,131512,
1421976479307715,1010,62,78979,51437,1002,281,282226,56437,1803,31,56335,59750,1802,109,168945,59812,2521,31,78613,52937,1506,515,799804,52875,1798,31,56274,55187,1005,31,31372,55187,3292,203,668945,60375,2510,31,78369,60375,967904,630800,882096,20540,232868,0,241452,72504,60604,168,180848,72336,8,0,205536,140020,762368,490780,0,0,12,0,60584,7064,188,17256,12500,4756,720,788,0,0,0,483952,78152,245760,3180,131512,
1421976481386678,1006,62,63110,51437,1004,281,282714,56437,1805,31,56335,59750,1801,93,196777,59812,2518,46,157470,52937,1505,515,777343,52875,1799,31,56457,55187,1005,31,31372,55187,3295,187,566406,60375,2510,31,78613,60437,967904,630800,882096,20540,232868,0,241452,72504,60604,168,180848,72336,8,0,205536,140020,762368,490780,0,0,12,0,60584,7064,188,17256,12500,4756,720,788,0,0,0,483952,78152,245760,3180,131512,
1421976483460260,1009,46,47363,51437,1004,281,297363,56437,1808,31,113037,59750,1805,93,168945,59812,2519,31,78735,52937,1505,500,752929,52875,1803,31,56396,55187,1004,31,31311,55187,3296,187,566406,60437,2510,31,78369,60437,967904,630800,882092,20548,232868,0,241452,72508,60604,168,180848,72340,8,0,205536,140020,762368,490780,0,0,16,0,60584,7064,188,17248,12492,4756,720,788,0,0,0,483952,78152,245760,3180,131512,
1421976485533343,1010,78,63110,51437,1006,265,281738,56437,1805,31,56457,59750,1799,93,196533,59812,2518,31,78735,52937,1506,515,776367,52875,1803,31,56335,55187,1002,31,31372,55187,3291,187,514648,60437,2508,31,78369,60437,967904,630768,882060,20548,232868,0,241452,72508,60604,168,180848,72340,8,0,205536,140020,762368,490748,0,0,16,0,60584,7064,188,17248,12492,4756,720,788,0,0,0,483952,78152,245760,3180,131512,
1421976487606574,1009,78,63232,51437,1002,281,297363,56437,1799,31,56518,59750,1802,109,168945,59750,2518,46,78613,52937,1507,515,778320,52875,1801,31,56396,55187,1004,31,31372,55187,3295,171,617187,60437,2505,31,78369,60375,967904,630800,882088,20548,232868,0,241452,72508,60604,168,180848,72340,8,0,205536,140020,762368,490780,0,0,16,0,60584,7064,188,17248,12488,4760,720,788,0,0,0,483952,78152,245760,3180,131512,
1421976489679105,1009,62,47119,51437,1004,281,312988,56437,1805,31,56396,59750,1795,93,196777,59812,2519,46,117797,52937,1507,515,776367,52875,1799,31,56396,55187,1003,31,31433,55187,3291,171,617187,60437,2510,31,78491,60437,967904,630800,882088,20548,232868,0,241452,72508,60604,168,180848,72340,8,0,205536,140020,762368,490780,0,0,16,0,60584,7064,188,17248,12488,4760,720,788,0,0,0,483952,78152,245760,3180,131512,
1421976491752741,1006,78,78857,51437,1004,281,297851,56375,1796,31,56457,59750,1801,93,168701,59750,2518,31,78735,52937,1507,515,776367,52937,1799,31,56396,55187,1004,31,31372,55125,3292,203,566406,60437,2512,31,78369,60437,967904,630768,882056,20548,232868,0,241452,72508,60604,168,180848,72340,8,0,205536,140020,762368,490748,0,0,16,0,60584,7064,188,17248,12488,4760,720,788,0,0,0,483952,78152,245760,3180,131512,
1421976493826119,1010,62,62988,51437,1005,296,297363,56375,1803,31,56152,59750,1796,93,197021,59750,2519,78,157226,52937,1505,484,753906,52875,1801,31,56396,55125,1003,31,31433,55187,3291,156,514648,60437,2509,31,78369,60375,967904,630800,882088,20548,232868,0,241452,72508,60604,168,180848,72340,8,0,205536,140020,762368,490780,0,0,16,0,60584,7064,188,17248,12488,4760,720,788,0,0,0,483952,78152,245760,3180,131512,
1421976495899904,1011,46,47363,51437,1004,281,298339,56375,1808,31,84716,59750,1796,109,197021,59750,2518,46,78613,52937,1506,515,777343,52937,1798,31,56335,55125,1004,31,31433,55187,3292,171,668945,60437,2507,31,78613,60437,967904,630800,882088,20548,232868,0,241452,72508,60604,168,180848,72340,8,0,205536,140020,762368,490780,0,0,16,0,60584,7064,188,17248,12488,4760,720,788,0,0,0,483952,78152,245760,3180,131512,
1421976497972987,1008,78,62866,51437,1006,281,282714,56375,1806,31,56335,59750,1802,109,197265,59750,2510,62,78491,52937,1505,515,776367,52937,1805,31,56396,55187,1004,31,31372,55187,3298,171,617187,60437,2510,31,78491,60437,967904,630800,882088,20548,232868,0,241452,72508,60604,168,180848,72340,8,0,205536,140020,762368,490780,0,0,16,0,60584,7064,188,17248,12488,4760,720,788,0,0,0,483952,78152,245760,3180,131512,
1421976500046402,1009,62,78979,51437,1002,296,313476,56375,1803,31,56396,59687,1796,93,168945,59750,2519,31,117919,52937,1507,531,776367,52937,1803,31,56335,55187,1004,31,31372,55187,3292,187,667968,60437,2508,31,78369,60437,967904,630800,882088,20548,232868,0,241452,72508,60604,168,180848,72340,8,0,205536,140020,762368,490780,0,0,16,0,60584,7064,188,17244,12488,4756,720,788,0,0,0,483952,78152,245760,3180,131512,
1421976502126232,1010,78,62866,51375,1002,281,282714,56375,1802,31,56274,59687,1802,109,167968,59687,2518,31,78735,52937,1506,515,776367,52875,1803,31,56457,55187,1003,31,31372,55187,3292,203,667968,60437,2512,31,78491,60437,967904,630800,882088,20548,232868,0,241452,72508,60604,168,180848,72340,8,0,205536,140020,762368,490780,0,0,16,0,60584,7064,188,17244,12488,4756,720,788,0,0,0,483952,78152,245760,3180,131512,
1421976504198799,1012,46,63110,51375,1004,296,282226,56375,1799,31,56396,59687,1794,93,168945,59687,2510,31,78491,52937,1507,515,776367,52875,1796,31,56274,55187,1004,31,31372,55187,3288,203,617187,60437,2515,31,78491,60437,967904,630800,882088,20548,232868,0,241452,72508,60604,168,180848,72340,8,0,205536,140020,762368,490780,0,0,16,0,60584,7064,188,17244,12488,4756,720,788,0,0,0,483952,78152,245760,3180,131512,
1421976506271717,1009,46,47363,51375,1003,296,266601,56375,1806,31,56396,59687,1798,109,197021,59687,2510,31,78369,52937,1505,515,777343,52937,1799,31,56396,55187,1005,31,31372,55187,3296,171,617187,60437,2510,31,78491,60437,967904,630800,882088,20548,232868,0,241452,72508,60604,168,180848,72340,8,0,205536,140020,762368,490780,0,0,16,0,60584,7064,188,17244,12488,4756,720,788,0,0,0,483952,78152,245760,3180,131512,
1421976508344985,1010,78,62988,51375,1001,281,282714,56375,1801,31,56396,59687,1802,93,168945,59687,2516,31,78613,52937,1507,515,776367,52875,1802,31,56335,55125,1004,31,31433,55187,3290,171,668945,60437,2515,31,78491,60437,967904,630760,882092,20548,232868,0,241464,72532,60608,168,180856,72364,8,0,205536,140020,762368,490740,0,0,4,0,60584,7064,188,17264,12500,4764,720,788,0,0,0,483952,78152,245760,3180,131512,
1421976510418566,1009,62,63232,51375,1002,281,282226,56375,1802,46,56457,59687,1801,125,196533,59750,2516,31,118041,52937,1506,515,799804,52875,1802,31,56213,55125,1002,31,31372,55125,3296,203,566406,60437,2510,31,78491,60437,967904,630792,882124,20548,232868,0,241460,72532,60604,168,180856,72364,8,0,205536,140020,762368,490772,0,0,4,0,60584,7064,188,17264,12500,4764,720,788,0,0,0,483952,78152,245760,3180,131512,
1421976513571332,1009,62,94848,51375,1001,265,250976,56375,1805,31,56396,59687,1805,109,168701,59750,2521,31,78735,52937,1507,500,776367,52937,1806,31,56396,55187,1002,31,31372,55187,3298,187,616210,60437,2509,31,78613,60437,967904,630800,882140,20556,232868,0,241468,72540,60612,168,180856,72372,8,0,205536,140020,762368,490780,0,0,12,0,60592,7064,188,17328,12500,4828,720,788,0,0,0,483952,78152,245760,3180,131512,
1421976515621486,1009,46,63110,51375,1002,281,282226,56375,1805,31,56213,59687,1803,93,197021,59750,2516,46,78613,52937,1507,515,775390,52875,1796,31,56396,55125,1004,31,31372,55187,3290,187,617187,60437,2509,31,78369,60437,967904,630800,882140,20556,232868,0,241468,72540,60612,168,180856,72372,8,0,205536,140020,762368,490780,0,0,12,0,60592,7064,188,17328,12500,4828,720,788,0,0,0,483952,78152,245760,3180,131512,
1421976517693003,1010,78,78735,51375,1004,296,312988,56375,1805,31,56274,59750,1794,109,196777,59750,2509,46,78369,52937,1506,515,801757,52875,1802,31,56335,55187,1005,31,31433,55187,3290,203,565429,60437,2509,31,78491,60375,967904,630800,882140,20556,232868,0,241468,72540,60612,168,180856,72372,8,0,205536,140020,762368,490780,0,0,0,0,60592,7064,188,17328,12500,4828,720,788,0,0,0,483952,78152,245760,3180,131512,
1421976519765201,1011,62,62988,51375,1003,281,297363,56375,1808,31,56396,59750,1805,125,197021,59750,2508,31,117675,52937,1506,515,777343,52937,1802,31,56396,55187,1004,31,31433,55125,3294,171,565429,60437,2510,31,78491,60437,967904,630800,882128,20556,232868,0,241468,72540,60612,168,180856,72372,8,0,205536,140020,762368,490780,0,0,0,0,60592,7064,188,17284,12488,4796,720,788,0,0,0,483952,78152,245760,3180,131512,
1421976521837585,1010,78,78857,51375,1001,265,250976,56375,1801,31,56518,59750,1801,109,168701,59750,2515,46,78613,52937,1505,515,776367,52937,1803,31,56396,55187,1004,31,31372,55187,3291,203,668945,60437,2513,31,78613,60437,967904,630800,882132,20556,232876,0,241468,72540,60612,168,180856,72372,8,0,205536,140020,762368,490780,0,0,12,0,60592,7064,188,17288,12492,4796,720,788,0,0,0,483952,78152,245760,3180,131512,
1421976523909322,1009,62,63232,51375,1005,281,282226,56375,1806,31,56396,59687,1802,93,168945,59750,2513,31,117797,52937,1506,515,752929,52937,1802,31,56396,55187,1002,31,31372,55187,3292,203,616210,60437,2508,31,78613,60437,967904,630800,882132,20556,232876,0,241468,72540,60612,168,180856,72372,8,0,205536,140020,762368,490780,0,0,12,0,60592,7064,188,17268,12492,4776,720,788,0,0,0,483952,78152,245760,3180,131512,
1421976525982000,1008,62,63232,51375,1004,265,282226,56375,1806,31,56396,59750,1795,109,197265,59750,2520,31,78613,52937,1505,515,776367,52875,1803,31,56518,55187,1005,31,31372,55187,3292,171,567382,60437,2512,31,78613,60437,967904,630800,882136,20564,232872,0,241468,72544,60612,168,180856,72376,8,0,205536,140020,762368,490780,0,0,16,0,60592,7064,188,17268,12492,4776,720,788,0,0,0,483952,78152,245760,3180,131512,
1421976528089644,1010,62,62988,51375,1005,296,266113,56375,1801,31,56213,59750,1801,109,169189,59750,2519,31,78735,53000,1507,515,776367,52937,1805,31,56396,55187,1002,31,31372,55125,3298,171,667968,60437,2512,31,78369,60437,967904,630800,882136,20564,232876,0,241468,72544,60612,168,180856,72376,8,0,205536,140020,762368,490780,0,0,16,0,60592,7064,188,17248,12492,4756,720,788,0,0,0,483952,78152,245760,3180,131512,
1421976530169290,1010,62,62988,51375,1004,281,266113,56375,1803,31,84716,59687,1803,109,197265,59750,2516,31,78613,52937,1506,515,776367,52875,1803,31,56335,55187,1002,31,31433,55187,3292,203,617187,60437,2513,31,78491,60437,967904,630800,882136,20564,232876,0,241468,72544,60612,168,180856,72376,8,0,205536,140020,762368,490780,0,0,16,0,60592,7064,188,17248,12492,4756,720,788,0,0,0,483952,78152,245760,3180,131512,
1421976532242557,1010,78,63110,51375,1002,265,266601,56375,1805,31,56274,59687,1802,93,197265,59687,2519,62,156982,52937,1506,531,777343,52937,1802,31,56396,55187,1004,31,31372,55187,3291,203,617187,60437,2510,31,78491,60437,967904,630924,882256,20564,232876,0,241468,72544,60612,168,180856,72376,8,0,205536,140020,762368,490904,0,0,16,0,60592,7064,188,17236,12488,4748,720,788,0,0,0,483952,78152,245760,3180,131512,
1421976534315107,1010,78,47363,51375,1003,281,281738,56375,1798,31,84594,59687,1801,109,197265,59750,2510,31,78491,52937,1506,515,776367,52937,1806,31,56213,55187,1002,31,31433,55187,3288,187,617187,60437,2510,31,78491,60437,967904,630924,882256,20564,232876,0,241468,72544,60612,168,180856,72376,8,0,205536,140020,762368,490904,0,0,16,0,60592,7064,188,17236,12488,4748,720,788,0,0,0,483952,78152,245760,3180,131512,
1421976536388227,1008,46,47241,51375,1004,265,266601,56375,1803,31,56457,59687,1792,125,253417,59750,2518,31,157470,52937,1507,500,752929,52937,1801,31,56396,55125,1003,31,31372,55187,3292,203,669921,60437,2513,31,78491,60437,967904,630892,882224,20564,232876,0,241468,72544,60612,168,180856,72376,8,0,205536,140020,762368,490872,0,0,16,0,60592,7064,188,17236,12488,4748,720,788,0,0,0,483952,78152,245760,3180,131512,
1421976538461827,1005,93,94726,51375,1004,281,267089,56375,1802,31,56396,59687,1799,109,197021,59687,2510,31,78491,52937,1504,515,777343,52937,1801,31,56335,55187,1005,31,31433,55125,3294,187,617187,60437,2513,31,78613,60437,967904,630924,882256,20564,232876,0,241468,72544,60612,168,180856,72376,8,0,205536,140020,762368,490904,0,0,16,0,60592,7064,188,17236,12488,4748,720,788,0,0,0,483952,78152,245760,3180,131512,
1421976540535168,1007,78,78857,51375,1003,281,282714,56312,1805,31,56152,59625,1798,109,224853,59750,2507,62,78247,52937,1504,500,777343,52937,1802,31,56396,55125,1004,31,31433,55187,3292,187,616210,60437,2512,31,78491,60437,967904,630924,882256,20564,232876,0,241468,72544,60612,168,180856,72376,8,0,205536,140020,762368,490904,0,0,16,0,60592,7064,188,17236,12488,4748,720,788,0,0,0,483952,78152,245760,3180,131512,
1421976542608012,1009,78,47241,51375,1003,281,266601,56312,1805,46,56396,59687,1805,109,197021,59750,2519,31,78857,52937,1507,515,776367,52937,1805,31,56335,55187,1002,31,31372,55187,3292,171,668945,60500,2512,31,78491,60437,967904,630924,882256,20564,232876,0,241468,72544,60612,168,180856,72376,8,0,205536,140020,762368,490904,0,0,16,0,60592,7064,188,17236,12488,4748,720,788,0,0,0,483952,78152,245760,3180,131512,
1421976544681704,1009,62,47363,51375,1004,281,282226,56375,1802,31,56396,59687,1802,93,169189,59687,2520,46,78735,52937,1506,515,752929,52937,1806,31,56213,55187,1004,31,31372,55187,3294,203,721679,60437,2510,31,78613,60437,967904,630924,882256,20564,232876,0,241468,72544,60612,168,180856,72376,8,0,205536,140020,762368,490904,0,0,16,0,60592,7064,188,17236,12488,4748,720,788,0,0,0,483952,78152,245760,3180,131512,
1421976546755543,1010,62,78979,51375,1003,281,266113,56375,1802,31,56335,59687,1802,125,225341,59750,2518,46,78735,52937,1507,515,776367,52875,1798,31,56213,55187,1004,31,31433,55187,3296,187,667968,60437,2510,31,78491,60437,967904,630924,882256,20564,232876,0,241468,72544,60612,168,180856,72376,8,0,205536,140020,762368,490904,0,0,16,0,60592,7064,188,17244,12488,4756,720,788,0,0,0,483952,78152,245760,3180,131512,
1421976548829382,1009,78,78735,51375,1003,312,297363,56375,1805,31,56396,59687,1801,93,168945,59750,2515,31,78613,53000,1507,515,775390,52937,1805,31,56335,55187,1004,31,31433,55187,3290,187,617187,60437,2510,31,78491,60437,967904,630924,882256,20564,232876,0,241468,72544,60612,168,180856,72376,8,0,205536,140020,762368,490904,0,0,16,0,60592,7064,188,17244,12488,4756,720,788,0,0,0,483952,78152,245760,3180,131512,
1421976550902650,1009,62,63110,51375,1002,281,282226,56375,1803,31,56457,59687,1798,109,197509,59750,2518,31,78735,52937,1504,531,752929,52937,1805,31,56396,55187,1005,31,31433,55187,3292,187,566406,60437,2510,31,78491,60437,967904,630792,882148,20564,232876,0,241472,72552,60612,168,180860,72384,8,0,205536,140020,762368,490772,0,0,4,0,60592,7064,188,17264,12500,4764,720,788,0,0,0,483952,78152,245760,3180,131512,
1421976552983420,1009,93,63110,51375,1001,265,282226,56375,1808,31,56396,59687,1802,109,197021,59750,2516,31,78613,52937,1506,515,776367,52875,1803,31,56213,55187,1002,31,31372,55187,3292,171,668945,60437,2513,31,78369,60437,967904,630792,882148,20564,232876,0,241472,72552,60612,168,180860,72384,8,0,205536,140020,762368,490772,0,0,4,0,60596,7064,188,17260,12500,4760,720,788,0,0,0,483952,78152,245760,3180,131512,
1421976555056706,1010,78,78857,51375,1002,281,298339,56375,1805,31,56396,59687,1803,109,167968,59687,2519,31,78491,52937,1506,500,752929,52875,1801,31,56213,55187,1004,31,31433,55187,3290,203,720703,60437,2513,31,78369,60437,967904,630792,882148,20564,232876,0,241472,72552,60612,168,180860,72384,8,0,205536,140020,762368,490772,0,0,4,0,60592,7064,188,17264,12500,4764,720,788,0,0,0,483952,78152,245760,3180,131512,
1421976557129605,1009,62,78857,51375,1000,281,282714,56375,1798,31,56396,59687,1805,93,196044,59687,2519,31,78735,52937,1506,515,776367,52937,1806,31,56396,55187,1002,31,31433,55187,3294,171,617187,60437,2509,31,78491,60437,967904,630768,882128,20572,232876,0,241472,72556,60612,168,180860,72388,8,0,205536,140020,762368,490748,0,0,12,0,60592,7064,188,17256,12500,4756,720,788,0,0,0,483952,78152,245760,3180,131512,
1421976559202338,1009,78,47363,51437,1002,296,296875,56375,1806,31,56335,59687,1799,109,168945,59750,2518,31,78613,52937,1504,500,752929,52875,1803,31,56335,55187,1004,31,31372,55187,3291,203,565429,60437,2509,31,78491,60437,967904,630768,882128,20572,232876,0,241472,72556,60612,168,180860,72388,8,0,205536,140020,762368,490748,0,0,12,0,60592,7064,188,17256,12500,4756,720,788,0,0,0,483952,78152,245760,3180,131512,
1421976561275680,1009,62,63110,51375,1002,265,282226,56375,1805,31,56396,59687,1802,109,168212,59750,2519,31,78735,52937,1506,515,776367,52875,1806,31,56457,55187,1002,31,31372,55187,3290,203,668945,60437,2513,31,78491,60437,967904,630768,882132,20572,232876,0,241472,72560,60612,168,180860,72392,8,0,205536,140020,762368,490748,0,0,0,0,60592,7064,188,17248,12500,4748,720,788,0,0,0,483952,78152,245760,3180,131512,
1421976563349611,1011,78,63110,51375,1002,281,282226,56375,1803,31,56396,59687,1796,93,168457,59750,2519,31,78613,52937,1507,515,776367,52875,1805,31,56396,55187,1002,31,31372,55187,3291,171,566406,60437,2512,31,78491,60437,967904,630800,882164,20572,232884,0,241472,72560,60612,168,180860,72392,8,0,205536,140020,762368,490780,0,0,12,0,60592,7064,188,17248,12500,4748,720,788,0,0,0,483952,78152,245760,3180,131512,
1421976565421902,1010,62,63110,51375,1004,281,282714,56437,1805,31,56274,59687,1805,125,197265,59750,2520,31,118164,52937,1507,515,800781,52875,1801,31,56213,55187,1002,31,31372,55187,3290,187,618164,60437,2512,31,78491,60437,967904,630800,882152,20572,232884,0,241472,72560,60612,168,180860,72392,8,0,205536,140020,762368,490780,0,0,12,0,60592,7064,188,17236,12488,4748,720,788,0,0,0,483952,78152,245760,3180,131512,
1421976567494967,1009,78,63110,51375,1003,265,282226,56437,1796,31,56457,59687,1801,109,196289,59750,2520,31,78735,52937,1504,500,752929,52875,1805,31,56396,55125,1005,31,31372,55187,3292,203,668945,60437,2515,31,78613,60437,967904,630800,882156,20580,232884,0,241472,72564,60612,168,180860,72396,8,0,205536,140020,762368,490780,0,0,16,0,60592,7064,188,17240,12488,4752,720,788,0,0,0,483952,78152,245760,3180,131512,
1421976569568199,1011,62,78979,51375,1003,265,281738,56437,1806,31,56335,59687,1801,109,197021,59750,2519,31,78613,52875,1506,515,776367,52875,1805,31,56396,55125,1002,31,31372,55187,3292,187,617187,60375,2513,31,78369,60375,967904,630800,882156,20580,232884,0,241472,72564,60612,168,180860,72396,8,0,205536,140020,762368,490780,0,0,16,0,60592,7064,188,17240,12488,4752,720,788,0,0,0,483952,78152,245760,3180,131512,
1421976571640766,1010,78,78857,51437,1002,296,281250,56375,1805,31,56518,59687,1803,109,197265,59750,2509,31,78369,52875,1506,500,776367,52937,1803,31,56396,55187,1005,31,31372,55187,3294,203,667968,60437,2510,31,78491,60437,967904,630800,882156,20580,232884,0,241472,72564,60612,168,180860,72396,8,0,205536,140020,762368,490780,0,0,16,0,60592,7064,188,17240,12488,4752,720,788,0,0,0,483952,78152,245760,3180,131512,
1421976573720411,1010,62,78979,51375,1002,296,281250,56375,1799,46,84594,59687,1802,93,197509,59750,2516,31,78613,52875,1506,515,776367,52875,1801,31,56335,55125,1004,31,31372,55125,3287,156,667968,60375,2510,31,78491,60437,967904,630800,882156,20580,232884,0,241472,72564,60612,168,180860,72396,8,0,205536,140020,762368,490780,0,0,16,0,60592,7064,188,17240,12488,4752,720,788,0,0,0,483952,78152,245760,3180,131512,
1421976575793163,1008,46,47424,51375,1002,281,281738,56375,1801,46,56335,59687,1799,109,168945,59750,2519,31,157226,52937,1507,515,776367,52875,1798,31,56213,55125,1002,31,31372,55125,3290,187,617187,60437,2512,31,78491,60437,967904,630800,882156,20580,232884,0,241472,72564,60612,168,180860,72396,8,0,205536,140020,762368,490780,0,0,16,0,60592,7064,188,17240,12488,4752,720,788,0,0,0,483952,78152,245760,3180,131512,
1421976577866652,1011,62,63110,51375,1002,281,282226,56375,1808,31,56457,59687,1795,109,197509,59750,2518,31,78735,52937,1505,531,776367,52937,1805,31,56335,55125,1004,31,31372,55187,3285,187,617187,60437,2512,31,78369,60437,967904,630800,882156,20580,232884,0,241472,72564,60612,168,180860,72396,8,0,205536,140020,762368,490780,0,0,16,0,60592,7064,188,17240,12488,4752,720,788,0,0,0,483952,78152,245760,3180,131512,
1421976579939883,1011,62,62866,51375,1003,265,282226,56375,1803,31,56396,59687,1798,109,197265,59750,2508,46,78735,52937,1506,515,778320,52937,1805,31,56274,55187,1002,31,31433,55187,3298,156,565429,60437,2508,31,78491,60375,967904,630800,882156,20580,232884,0,241472,72564,60612,168,180860,72396,8,0,205536,140020,762368,490780,0,0,16,0,60592,7064,188,17236,12488,4748,720,788,0,0,0,483952,78152,245760,3180,131512,
1421976582029832,1009,31,31494,51375,1000,281,282714,56312,1803,31,56396,59687,1801,109,225585,59750,2510,31,78369,52937,1505,515,778320,52937,1802,31,56091,55187,1004,31,31372,55187,3296,187,565429,60437,2508,31,78369,60437,967904,630800,882156,20580,232884,0,241472,72564,60612,168,180860,72396,8,0,205536,140020,762368,490780,0,0,16,0,60592,7064,188,17236,12488,4748,720,788,0,0,0,483952,78152,245760,3180,131512,
1421976584104279,1010,46,62988,51375,1004,281,282714,56375,1806,31,84594,59750,1802,78,168945,59750,2518,62,197021,52937,1506,515,776367,52875,1803,31,56396,55187,1004,31,31433,55187,3291,171,515625,60437,2510,31,78491,60437,967904,630768,882124,20580,232884,0,241472,72564,60612,168,180860,72396,8,0,205536,140020,762368,490748,0,0,16,0,60592,7064,188,17236,12488,4748,720,788,0,0,0,483952,78152,245760,3180,131512,
1421976586176718,1011,62,47241,51375,1004,281,282714,56375,1805,31,56396,59750,1803,109,168945,59750,2516,31,78613,52937,1507,515,777343,52937,1806,31,56396,55187,1005,31,31311,55187,3291,156,617187,60375,2510,31,78613,60375,967904,630800,882156,20580,232884,0,241472,72564,60612,168,180860,72396,8,0,205536,140020,762368,490780,0,0,16,0,60592,7064,188,17236,12488,4748,720,788,0,0,0,483952,78152,245760,3180,131512,
