t,VCCINT.V,VCCINT.I,VCCINT.P,VCCINT.T,VCCPINT.V,VCCPINT.I,VCCPINT.P,VCCPINT.T,VCCAUX.V,VCCAUX.I,VCCAUX.P,VCCAUX.T,VCCPAUX.V,VCCPAUX.I,VCCPAUX.P,VCCPAUX.T,VCCADJ.V,VCCADJ.I,VCCADJ.P,VCCADJ.T,VCC1V5.V,VCC1V5.I,VCC1V5.P,VCC1V5.T,VCCMIO_PS.V,VCCMIO_PS.I,VCCMIO_PS.P,VCCMIO_PS.T,VCCBRAM.V,VCCBRAM.I,VCCBRAM.P,VCCBRAM.T,VCC3V3.V,VCC3V3.I,VCC3V3.P,VCC3V3.T,VCC2V5.V,VCC2V5.I,VCC2V5.P,VCC2V5.T,M.MemTotal:,M.MemFree:,M.MemAvailable:,M.Buffers:,M.Cached:,M.SwapCached:,M.Active:,M.Inactive:,M.Active(anon):,M.Inactive(anon):,M.Active(file):,M.Inactive(file):,M.Unevictable:,M.Mlocked:,M.HighTotal:,M.HighFree:,M.LowTotal:,M.LowFree:,M.SwapTotal:,M.SwapFree:,M.Dirty:,M.Writeback:,M.AnonPages:,M.Mapped:,M.Shmem:,M.Slab:,M.SReclaimable:,M.SUnreclaim:,M.KernelStack:,M.PageTables:,M.NFS_Unstable:,M.Bounce:,M.WritebackTmp:,M.CommitLimit:,M.Committed_AS:,M.VmallocTotal:,M.VmallocUsed:,M.VmallocChunk:,
1421975932862855,1009,78,63110,51375,1004,359,376464,56375,1806,31,56396,59750,1798,93,196533,59750,2519,31,118164,53000,1506,500,777343,52937,1802,31,56213,55187,1004,31,31372,55187,3292,171,565429,60375,2510,31,78613,60375,967904,632128,882492,20164,232280,0,240920,71944,60448,168,180472,71776,8,0,205536,140140,762368,491988,0,0,56,0,60464,6976,188,17336,12504,4832,696,756,0,0,0,483952,77332,245760,3180,131512,
1421975934918834,1010,62,63232,51437,1001,343,361328,56375,1796,31,56396,59687,1796,93,197265,59750,2515,46,78613,52937,1506,515,752929,52937,1801,31,56396,55187,1003,31,31311,55187,3292,187,566406,60375,2509,31,78491,60375,967904,632136,882500,20164,232280,0,241004,71940,60528,168,180476,71772,8,0,205536,140140,762368,491996,0,0,56,0,60516,7008,188,17348,12504,4844,728,800,0,0,0,483952,77332,245760,3180,131512,
1421975936975236,1007,62,47241,51375,1001,359,359863,56375,1806,31,56396,59687,1803,109,169189,59750,2518,62,118041,53000,1507,515,778320,52937,1805,31,56335,55187,1004,31,31372,55250,3295,156,514648,60375,2509,31,78491,60375,967904,632012,882372,20172,232280,0,241004,71944,60528,168,180476,71776,8,0,205536,140140,762368,491872,0,0,72,0,60540,7008,188,17340,12496,4844,728,800,0,0,0,483952,77332,245760,3180,131512,
1421975939035970,1009,62,47241,51437,1004,343,327636,56375,1803,31,56335,59687,1801,109,197265,59750,2510,31,78613,52937,1505,500,776367,52937,1805,31,56213,55187,1004,31,31372,55187,3288,187,617187,60375,2512,31,78369,60375,967904,632012,882372,20172,232280,0,241004,71944,60528,168,180476,71776,8,0,205536,140140,762368,491872,0,0,72,0,60540,7008,188,17340,12496,4844,728,800,0,0,0,483952,77332,245760,3180,131512,
1421975941092059,1010,78,63110,51437,1004,343,360839,56375,1805,31,56457,59687,1796,93,197265,59750,2520,31,118164,52937,1506,531,776367,52937,1806,31,56335,55187,1004,31,31433,55187,3290,203,618164,60375,2510,31,78613,60375,967904,632012,882372,20172,232280,0,241004,71944,60528,168,180476,71776,8,0,205536,140140,762368,491872,0,0,72,0,60540,7008,188,17316,12496,4820,728,800,0,0,0,483952,77332,245760,3180,131512,
1421975943148277,1009,78,63110,51437,1001,468,500976,56375,1798,31,56396,59687,1798,140,225341,59750,2508,31,78491,53000,1505,593,894531,52937,1796,31,56335,55125,1003,31,31372,55187,3294,187,567382,60375,2512,31,78491,60375,967904,586980,835448,20172,230364,0,288136,70052,107660,168,180476,69884,8,0,205536,130240,762368,456740,0,0,72,0,107724,7928,188,17316,12496,4820,736,996,0,0,0,483952,197496,245760,3180,131512,
1421975945221471,1007,62,78979,51375,1002,468,455566,56375,1809,31,84350,59750,1798,125,196533,59750,2504,31,78369,52937,1506,515,753906,52937,1803,31,56335,55187,1004,31,31372,55187,3294,203,668945,60375,2510,31,78369,60375,967904,527340,775756,20172,230328,0,347772,69996,167296,168,180476,69828,8,0,205536,117100,762368,410240,0,0,72,0,167308,7912,188,17316,12500,4816,768,1092,0,0,0,483952,264288,245760,3180,131512,
1421975947279274,1010,62,78979,51375,1001,515,532226,56375,1802,31,56518,59750,1801,93,168701,59750,2515,62,78735,52937,1506,593,917968,52937,1805,31,56335,55187,1004,31,31311,55187,3295,203,720703,60375,2511,31,78491,60375,967904,519308,767724,20172,230328,0,355732,69996,175256,168,180476,69828,8,0,205536,115300,762368,404008,0,0,72,0,175248,7912,188,17320,12500,4820,768,1092,0,0,0,483952,269348,245760,3180,131512,
1421975949342847,1011,62,78979,51375,1002,562,564453,56375,1805,31,56518,59687,1801,93,197021,59750,2516,62,78735,52937,1506,531,799804,52875,1808,31,56274,55187,1002,31,31372,55187,3290,203,667968,60375,2512,31,78369,60375,967904,503772,752300,20180,230448,0,371036,70108,190560,168,180476,69940,8,0,205536,111760,762368,392012,0,0,164,0,190576,7912,188,17312,12500,4812,768,1124,0,0,0,483952,280988,245760,3180,131512,
1421975951403415,1009,78,63232,51375,1005,562,564453,56375,1799,31,56457,59687,1795,109,224853,59687,2518,46,78735,52937,1507,546,846679,52937,1802,31,56396,55187,1001,31,31372,55187,3294,187,566406,60375,2510,31,78247,60375,967904,496172,744764,20180,230504,0,378724,70176,198248,168,180476,70008,8,0,205536,110020,762368,386152,0,0,220,0,198256,7912,188,17292,12496,4796,768,1140,0,0,0,483952,280988,245760,3180,131512,
1421975953474213,1010,62,63354,51375,1006,562,563476,56375,1805,31,56518,59687,1801,109,168945,59687,2520,31,78735,52937,1507,531,777343,52937,1803,31,56396,55187,1004,31,31372,55187,3292,187,617187,60375,2513,31,78369,60375,967904,494112,742756,20188,230560,0,380792,70228,200316,168,180476,70060,8,0,205536,109540,762368,384572,0,0,280,0,200328,7912,188,17292,12496,4796,768,1140,0,0,0,483952,280988,245760,3180,131512,
1421975955532846,1010,62,62988,51437,1005,562,578125,56375,1805,31,56396,59687,1801,109,168457,59687,2509,31,78369,52937,1504,515,800781,52937,1803,31,56213,55125,1003,31,31433,55187,3294,187,566406,60375,2512,31,78369,60375,967904,493192,741888,20188,230600,0,381568,70284,201092,168,180476,70116,8,0,205536,109240,762368,383952,0,0,320,0,201092,7912,188,17292,12492,4800,768,1148,0,0,0,483952,284964,245760,3180,131512,
1421975957592308,1008,62,63110,51375,1001,562,563476,56375,1806,31,56518,59687,1803,125,196289,59687,2510,31,117553,52937,1508,515,753906,52937,1802,31,56396,55125,1003,31,31433,55125,3294,187,668945,60375,2508,31,78491,60375,967904,490976,739708,20188,230664,0,383720,70320,203244,168,180476,70152,8,0,205536,108760,762368,382216,0,0,384,0,203252,7912,188,17296,12492,4804,768,1148,0,0,0,483952,284964,245760,3180,131512,
1421975959652415,1007,62,63110,51375,1004,546,564453,56375,1798,31,56213,59687,1795,93,197265,59750,2510,31,78735,52937,1508,500,753906,52937,1798,31,56335,55187,1006,31,31372,55187,3295,187,668945,60375,2512,31,78491,60312,967904,489736,738532,20196,230716,0,385064,70376,204588,168,180476,70208,8,0,205536,108520,762368,381216,0,0,40,0,204588,7912,188,17316,12500,4816,768,1148,0,0,0,483952,284964,245760,3180,131512,
1421975961721996,1009,62,62988,51375,1002,578,595703,56375,1808,31,56396,59687,1802,109,168945,59687,2518,31,78735,52937,1508,531,776367,52875,1805,31,56396,55187,1002,31,31372,55187,3295,171,617187,60375,2513,31,78613,60375,967904,489456,738312,20196,230744,0,385224,70436,204748,168,180476,70268,8,0,205536,108520,762368,380936,0,0,68,0,204748,7912,188,17320,12500,4820,768,1148,0,0,0,483952,284964,245760,3180,131512,
1421975963781864,1009,62,78979,51375,1002,562,565429,56375,1808,31,56518,59687,1795,125,196533,59687,2508,78,78247,52937,1507,531,800781,52875,1803,31,56396,55187,1004,31,31433,55187,3288,187,618164,60375,2510,31,78491,60375,967904,489244,738100,20204,230768,0,385388,70436,204912,168,180476,70268,8,0,205536,108400,762368,380844,0,0,100,0,204904,7912,188,17328,12500,4828,768,1148,0,0,0,483952,284964,245760,3180,131512,
1421975965843520,1009,62,94726,51375,1003,578,582031,56312,1803,31,56274,59687,1801,93,168945,59687,2519,31,78735,52875,1507,531,799804,52875,1806,31,56457,55125,1003,31,31311,55125,3294,187,617187,60375,2515,31,78491,60375,967904,489068,737988,20204,230800,0,385512,70500,205036,168,180476,70332,8,0,205536,108340,762368,380728,0,0,128,0,205020,7912,188,17324,12500,4824,768,1148,0,0,0,483952,284964,245760,3180,131512,
1421975967903590,1010,78,78613,51375,1000,562,562500,56312,1805,31,56518,59687,1802,109,168457,59687,2512,78,195800,52937,1507,546,823242,52937,1801,31,56274,55125,1004,31,31433,55125,3296,171,668945,60375,2512,31,78491,60375,967904,488944,737892,20204,230828,0,385568,70528,205092,168,180476,70360,8,0,205536,108340,762368,380604,0,0,156,0,205088,7912,188,17324,12500,4824,768,1148,0,0,0,483952,284964,245760,3180,131512,
1421975969964213,1010,62,78857,51375,1002,562,547851,56312,1808,31,56396,59687,1796,93,168945,59687,2507,31,117553,52937,1506,531,848632,52875,1803,31,56152,55125,1002,31,31433,55187,3288,187,566406,60375,2507,31,78491,60375,967904,488824,737804,20212,230856,0,385616,70556,205136,168,180480,70388,8,0,205536,108220,762368,380604,0,0,192,0,205144,7912,188,17328,12500,4828,768,1148,0,0,0,483952,284964,245760,3180,131512,
1421975972024431,1011,46,78979,51375,1001,546,547851,56375,1806,31,56335,59687,1801,93,224853,59687,2516,31,157470,52937,1505,515,752929,52937,1796,31,56396,55125,1004,31,31372,55187,3294,203,617187,60375,2513,31,78491,60375,967904,488640,737644,20212,230876,0,385672,70580,205192,168,180480,70412,8,0,205536,108160,762368,380480,0,0,208,0,205200,7912,188,17328,12500,4828,768,1148,0,0,0,483952,284964,245760,3180,131512,
1421975974083562,1010,62,63110,51437,1001,562,547851,56375,1801,31,56396,59687,1805,125,224365,59687,2508,31,78491,52937,1506,500,753906,52875,1805,31,56457,55125,1003,31,31372,55187,3295,203,668945,60375,2510,31,78613,60375,967904,488400,737544,20212,231024,0,385800,70728,205320,168,180480,70560,8,0,205536,107920,762368,380480,0,0,356,0,205348,7912,188,17324,12492,4832,768,1148,0,0,0,483952,284964,245760,3180,131512,
1421975976146416,1010,78,78491,51437,1003,562,533203,56437,1799,31,56457,59687,1801,109,225341,59687,2520,31,78613,52937,1507,531,777343,52937,1799,31,56152,55187,1003,31,31433,55187,3292,171,565429,60375,2512,31,78369,60375,967904,488400,737608,20220,231080,0,385800,70792,205320,168,180480,70624,8,0,205536,107920,762368,380480,0,0,420,0,205348,7912,188,17324,12492,4832,768,1148,0,0,0,483952,284964,245760,3180,131512,
1421975978206117,1007,78,78857,51437,1004,546,533203,56375,1805,31,56396,59687,1802,109,197021,59687,2516,31,78735,52937,1507,546,823242,52875,1806,31,56457,55187,1002,31,31372,55187,3294,187,617187,60375,2512,31,78491,60375,967904,488276,737532,20220,231128,0,385848,70840,205368,168,180480,70672,8,0,205536,107920,762368,380356,0,0,460,0,205352,7912,188,17320,12492,4828,768,1148,0,0,0,483952,284964,245760,3180,131512,
1421975980268215,1010,62,63110,51437,1003,562,564453,56437,1802,31,56396,59687,1803,109,225097,59687,2518,31,157470,52937,1504,515,776367,52937,1803,31,56396,55125,1002,31,31372,55187,3292,203,668945,60375,2512,31,78491,60375,967904,488152,737464,20220,231276,0,385832,70888,205352,168,180480,70720,8,0,205536,107920,762368,380232,0,0,100,0,205336,7912,188,17336,12500,4836,760,1148,0,0,0,483952,284964,245760,3180,131512,
1421975982327714,1008,62,63110,51437,1003,562,580078,56437,1809,31,56213,59687,1801,93,168457,59750,2518,31,78857,52937,1504,531,800781,52937,1798,31,56335,55187,1002,31,31311,55125,3295,203,618164,60375,2512,31,78369,60375,967904,488092,737576,20228,231364,0,385832,71060,205352,168,180480,70892,8,0,205536,107860,762368,380232,0,0,204,0,205336,7912,188,17332,12500,4832,760,1148,0,0,0,483952,284964,245760,3180,131512,
1421975984405055,1011,78,78979,51437,1005,562,548828,56375,1805,31,56518,59687,1805,109,197509,59750,2519,62,78613,52937,1506,515,801757,52937,1802,31,56335,55187,1004,31,31372,55187,3290,171,513671,60375,2515,31,78613,60375,967904,488032,737608,20228,231440,0,385848,71152,205368,168,180480,70984,8,0,205536,107800,762368,380232,0,0,280,0,205352,7912,188,17332,12500,4832,760,1148,0,0,0,483952,284964,245760,3180,131512,
1421975986464849,1009,78,78857,51437,1002,562,564453,56375,1808,31,56335,59687,1799,125,196533,59750,2515,31,78613,52875,1505,531,753906,52875,1803,31,56396,55187,1003,31,31372,55125,3291,187,617187,60375,2512,31,78491,60375,967904,487792,737456,20236,231528,0,385848,71240,205368,168,180480,71072,8,0,205536,107800,762368,379992,0,0,368,0,205352,7912,188,17324,12500,4824,760,1148,0,0,0,483952,284964,245760,3180,131512,
1421975989645300,1010,62,78857,51437,1004,578,596679,56375,1805,31,84838,59687,1802,109,197509,59750,2516,46,78735,52937,1504,515,825195,52875,1795,31,56396,55187,1004,31,31372,55187,3295,187,565429,60375,2509,31,78369,60375,967904,487792,737564,20236,231620,0,385964,71348,205484,168,180480,71180,8,0,205536,107800,762368,379992,0,0,460,0,205464,7912,188,17352,12500,4852,760,1148,0,0,0,483952,284964,245760,3180,131512,
1421975991685888,1009,78,-500000,51375,1001,578,580078,56375,1802,31,56274,59687,1802,109,168457,59750,2508,31,78369,52937,1507,531,776367,52937,1802,31,56396,55187,1003,31,31372,55125,3291,171,618164,60375,2512,31,78491,60375,967904,487668,737484,20244,231660,0,385964,71392,205484,168,180480,71224,8,0,205536,107800,762368,379868,0,0,504,0,205464,7912,188,17352,12500,4852,760,1148,0,0,0,483952,284964,245760,3180,131512,
1421975993781901,1009,46,63110,51375,1001,531,532226,56375,1805,46,56457,59687,1805,125,225341,59750,2515,46,157470,52875,1507,531,798828,52875,1805,31,56396,55187,1005,31,31433,55187,3298,187,617187,60375,2512,31,78491,60375,967904,487544,737440,20244,231752,0,385964,71480,205484,168,180480,71312,8,0,205536,107800,762368,379744,0,0,592,0,205464,7912,188,17332,12492,4840,760,1148,0,0,0,483952,284964,245760,3180,131512,
1421975995847814,1009,62,62866,51375,1003,562,547851,56375,1803,31,56518,59687,1801,109,169189,59750,2518,31,78613,52875,1506,515,799804,52875,1803,31,56335,55187,1004,31,31372,55187,3294,203,823242,60375,2512,31,78613,60375,967904,487256,737252,20244,231840,0,385964,71572,205484,168,180480,71404,8,0,205536,107800,762368,379456,0,0,44,432,205464,7912,188,17348,12500,4848,760,1148,0,0,0,483952,284964,245760,3180,131512,
1421975997916677,1011,46,78735,51375,1004,546,566406,56375,1802,31,56335,59687,1802,93,168457,59687,2516,31,117919,52937,1506,500,798828,52937,1805,31,56396,55125,1003,31,31372,55187,3296,203,720703,60375,2513,31,78491,60375,967904,487164,737224,20252,231928,0,385964,71636,205484,168,180480,71468,8,0,205536,107800,762368,379364,0,0,140,0,205464,7912,188,17328,12500,4828,760,1148,0,0,0,483952,284964,245760,3180,131512,
1421975999976950,1010,78,63110,51375,1005,546,580078,56375,1805,31,56274,59687,1805,125,197265,59687,2515,31,78613,52937,1508,531,777343,52937,1799,31,56274,55125,1004,31,31372,55187,3294,171,668945,60375,2512,31,78613,60375,967904,487044,737196,20252,232036,0,385964,71728,205484,168,180480,71560,8,0,205536,107680,762368,379364,0,0,248,0,205464,7912,188,17328,12500,4828,760,1148,0,0,0,483952,284964,245760,3180,131512,
1421976002041794,1009,62,63110,51375,1004,578,565429,56437,1803,31,56213,59687,1798,109,197265,59687,2519,31,78735,52937,1507,500,752929,52875,1806,31,56274,55125,1005,31,31433,55187,3291,203,668945,60375,2513,31,78491,60375,967904,486960,737224,20260,232120,0,385964,71840,205484,168,180480,71672,8,0,205536,107620,762368,379340,0,0,340,0,205464,7912,188,17316,12500,4816,760,1148,0,0,0,483952,284964,245760,3180,131512,
1421976004110159,1011,78,63110,51375,1001,593,581054,56375,1805,31,56396,59687,1799,109,196533,59750,2510,31,78369,52875,1506,500,775390,52875,1806,31,56213,55125,1003,31,31372,55125,3292,203,668945,60375,2509,31,78613,60375,967904,486992,737284,20260,232136,0,385964,71868,205484,168,180480,71700,8,0,205536,107620,762368,379372,0,0,348,0,205464,7912,188,17316,12500,4816,760,1148,0,0,0,483952,284964,245760,3180,131512,
1421976006170672,1011,78,62988,51375,1006,578,580078,56375,1802,31,56518,59687,1802,109,225341,59750,2516,46,78735,52875,1507,500,776367,52875,1802,31,56457,55125,1004,31,31433,55125,3290,203,668945,60375,2509,31,78369,60375,967904,486868,737216,20260,232224,0,385964,71924,205484,168,180480,71756,8,0,205536,107620,762368,379248,0,0,436,0,205464,7912,188,17316,12500,4816,760,1148,0,0,0,483952,284964,245760,3180,131512,
1421976008230779,1009,62,78979,51437,1002,343,345214,56437,1803,31,56457,59687,1802,93,168945,59750,2513,46,78491,52937,1507,515,753906,52875,1799,31,56396,55125,1006,31,31372,55125,3285,203,667968,60437,2513,31,78613,60375,967904,631280,881760,20268,232292,0,240796,72356,60620,168,180176,72188,8,0,205536,139780,762368,491500,0,0,8,20,60600,7008,188,17348,12504,4844,720,792,0,0,0,483952,78172,245760,3180,131512,
1421976010287108,1008,62,78857,51437,1006,343,345214,56437,1798,31,56518,59750,1799,93,168457,59750,2513,31,78735,52937,1506,515,752929,52875,1803,31,56396,55125,1004,31,31372,55125,3294,187,668945,60375,2512,31,78613,60375,967904,631264,881744,20268,232292,0,240796,72356,60620,168,180176,72188,8,0,205536,139780,762368,491484,0,0,8,0,60600,7008,188,17336,12504,4832,720,788,0,0,0,483952,78172,245760,3180,131512,
1421976012343455,1009,78,63110,51437,1003,375,359863,56437,1802,31,56274,59750,1802,125,225585,59750,2516,31,78735,52937,1506,500,776367,52875,1802,31,56274,55125,1003,31,31372,55125,3296,187,617187,60437,2508,31,78491,60375,967904,631296,881776,20268,232300,0,240796,72356,60620,168,180176,72188,8,0,205536,139780,762368,491516,0,0,20,0,60600,7008,188,17336,12504,4832,720,788,0,0,0,483952,78172,245760,3180,131512,
1421976014399729,1010,62,47363,51437,1000,359,345214,56375,1808,31,56274,59750,1801,125,197021,59750,2519,31,78735,52937,1507,515,777343,52875,1796,31,56274,55125,1002,31,31433,55187,3291,203,617187,60437,2510,31,78613,60375,967904,631304,881784,20276,232300,0,240796,72356,60620,168,180176,72188,8,0,205536,139780,762368,491524,0,0,36,0,60600,7008,188,17296,12504,4792,720,788,0,0,0,483952,78172,245760,3180,131512,
1421976016460776,1012,78,78857,51437,1002,359,359863,56375,1805,31,56274,59687,1798,109,197021,59750,2508,31,78369,52937,1505,515,776367,52875,1799,31,56457,55125,1002,31,31433,55187,3294,187,668945,60437,2507,31,78613,60375,967904,631304,881784,20276,232300,0,240796,72356,60620,168,180176,72188,8,0,205536,139780,762368,491524,0,0,36,0,60600,7008,188,17296,12504,4792,720,788,0,0,0,483952,78172,245760,3180,131512,
1421976018517289,1010,62,63110,51375,1006,343,345703,56375,1803,31,56396,59687,1801,109,196777,59750,2516,46,78735,52875,1507,515,776367,52875,1798,31,56396,55125,1002,31,31372,55125,3292,187,668945,60437,2513,31,78491,60437,967904,631304,881772,20276,232300,0,240796,72356,60620,168,180176,72188,8,0,205536,139780,762368,491524,0,0,36,0,60600,7008,188,17268,12492,4776,720,788,0,0,0,483952,78172,245760,3180,131512,
1421976020573857,1006,62,63110,51375,1000,343,361328,56375,1802,31,56396,59687,1808,93,225341,59750,2516,46,118041,52875,1504,500,777343,52875,1802,31,56396,55125,1006,31,31372,55125,3291,187,617187,60437,2513,31,78369,60437,967904,631304,881772,20276,232300,0,240796,72356,60620,168,180176,72188,8,0,205536,139780,762368,491524,0,0,36,0,60600,7008,188,17268,12492,4776,720,788,0,0,0,483952,78172,245760,3180,131512,
1421976022630776,1007,46,62988,51375,1004,328,313964,56375,1806,31,56213,59750,1799,109,196777,59750,2509,31,78491,52937,1506,515,776367,52875,1802,31,56335,55125,1002,31,31311,55125,3291,187,617187,60437,2510,31,78613,60437,967904,631272,881736,20276,232300,0,240796,72356,60620,168,180176,72188,8,0,205536,139780,762368,491492,0,0,36,0,60600,7008,188,17252,12488,4764,720,788,0,0,0,483952,78172,245760,3180,131512,
1421976024686975,1010,62,62988,51375,1002,343,344238,56375,1802,31,56213,59687,1795,109,168945,59812,2516,31,78735,52875,1505,515,776367,52875,1805,31,56213,55125,1005,31,31372,55125,3292,203,719726,60437,2513,31,78247,60437,967904,631304,881768,20276,232300,0,240796,72356,60620,168,180176,72188,8,0,205536,139780,762368,491524,0,0,36,0,60600,7008,188,17252,12488,4764,720,788,0,0,0,483952,78172,245760,3180,131512,
1421976026743820,1009,62,63110,51375,1004,343,328125,56375,1805,31,56396,59687,1801,93,196289,59750,2513,31,117919,52875,1507,500,753906,52875,1803,31,56274,55125,1005,31,31311,55187,3292,187,617187,60437,2512,31,78491,60437,967904,631296,881788,20276,232300,0,240804,72364,60620,168,180184,72196,8,0,205536,139780,762368,491516,0,0,0,0,60600,7008,188,17264,12500,4764,720,788,0,0,0,483952,78172,245760,3180,131512,
1421976028800776,1009,62,63232,51375,1002,359,358886,56375,1809,31,84472,59687,1803,93,168945,59750,2518,31,117919,52937,1506,515,777343,52875,1806,31,56396,55125,1004,31,31433,55125,3291,171,617187,60437,2510,31,78491,60437,967904,631296,881788,20276,232300,0,240804,72364,60620,168,180184,72196,8,0,205536,139780,762368,491516,0,0,0,0,60600,7008,188,17264,12500,4764,720,788,0,0,0,483952,78172,245760,3180,131512,
1421976030857583,1011,62,62988,51437,1003,359,345214,56375,1803,31,56396,59687,1798,93,168701,59750,2510,31,78491,52937,1505,515,752929,52875,1802,31,56213,55125,1004,31,31311,55125,3292,187,462890,60437,2515,31,78369,60437,967904,631296,881788,20284,232296,0,240804,72364,60620,168,180184,72196,8,0,205536,139780,762368,491516,0,0,12,0,60600,7008,188,17264,12500,4764,720,788,0,0,0,483952,78172,245760,3180,131512,
1421976032914262,1009,62,63110,51437,1000,343,375976,56375,1799,31,56396,59687,1802,93,197509,59750,2519,46,78735,52875,1507,515,776367,52875,1801,31,56274,55125,1002,31,31372,55125,3295,187,617187,60437,2512,31,78613,60437,967904,631296,881792,20284,232300,0,240804,72368,60620,168,180184,72200,8,0,205536,139780,762368,491516,0,0,12,0,60600,7008,188,17264,12500,4764,720,788,0,0,0,483952,78172,245760,3180,131512,
1421976034980600,1010,62,63110,51437,1005,359,345214,56375,1796,31,56396,59750,1801,93,197021,59750,2513,31,78735,52937,1507,500,776367,52875,1802,31,56396,55125,1005,31,31433,55125,3292,187,566406,60437,2509,31,78613,60437,967904,631304,881792,20284,232300,0,240804,72368,60620,168,180184,72200,8,0,205536,139780,762368,491524,0,0,12,0,60600,7008,188,17248,12492,4756,720,788,0,0,0,483952,78172,245760,3180,131512,
1421976037036339,1012,78,62866,51437,1006,359,361328,56437,1799,31,56213,59750,1803,93,168212,59750,2515,62,157226,52937,1505,515,775390,52937,1802,31,56396,55125,1002,31,31372,55125,3291,187,566406,60437,2512,31,78491,60437,967904,631272,881764,20284,232300,0,240804,72372,60620,168,180184,72204,8,0,205536,139780,762368,491492,0,0,0,0,60600,7008,188,17248,12492,4756,720,788,0,0,0,483952,78172,245760,3180,131512,
1421976039092464,1010,62,47363,51437,1002,343,345214,56437,1805,31,56457,59750,1803,93,167968,59750,2518,31,78613,52937,1506,515,777343,52937,1801,31,56274,55187,1004,31,31372,55187,3296,187,617187,60437,2513,31,78491,60437,967904,631304,881792,20284,232300,0,240804,72372,60620,168,180184,72204,8,0,205536,139780,762368,491524,0,0,0,0,60600,7008,188,17244,12488,4756,720,788,0,0,0,483952,78172,245760,3180,131512,
1421976041148222,1011,78,63110,51437,1001,328,330078,56437,1801,31,56335,59750,1792,109,224853,59750,2518,31,78735,52937,1506,515,777343,52937,1801,31,56335,55187,1002,31,31372,55187,3292,187,617187,60437,2512,31,78613,60437,967904,631304,881792,20284,232300,0,240804,72372,60620,168,180184,72204,8,0,205536,139780,762368,491524,0,0,0,0,60600,7008,188,17244,12488,4756,720,788,0,0,0,483952,78172,245760,3180,131512,
1421976043204476,1007,46,47302,51437,1003,359,345703,56375,1796,31,56518,59750,1802,93,140625,59750,2518,31,78613,52937,1506,515,776367,52875,1805,31,56396,55187,1004,31,31372,55187,3294,171,566406,60437,2512,31,78369,60437,967904,631304,881792,20284,232300,0,240804,72372,60620,168,180184,72204,8,0,205536,139780,762368,491524,0,0,0,0,60600,7008,188,17244,12488,4756,720,788,0,0,0,483952,78172,245760,3180,131512,
1421976045260713,1011,62,63110,51437,1002,359,345214,56375,1802,31,56274,59750,1802,93,168701,59812,2510,31,78735,52937,1504,515,753906,52937,1801,31,56396,55187,1004,31,31372,55187,3294,203,616210,60437,2510,31,78491,60437,967904,631272,881760,20284,232300,0,240804,72372,60620,168,180184,72204,8,0,205536,139780,762368,491492,0,0,0,0,60600,7008,188,17244,12488,4756,720,788,0,0,0,483952,78172,245760,3180,131512,
1421976047317281,1009,78,63110,51375,1004,328,329589,56375,1803,31,56335,59750,1802,93,197509,59812,2519,31,78613,52937,1507,515,776367,52937,1803,31,56274,55125,1003,31,31433,55187,3292,203,668945,60437,2513,31,78491,60437,967904,631272,881760,20284,232300,0,240804,72372,60620,168,180184,72204,8,0,205536,139780,762368,491492,0,0,0,0,60600,7008,188,17244,12488,4756,720,788,0,0,0,483952,78172,245760,3180,131512,
1421976049374052,1010,78,63232,51375,1001,375,360839,56375,1806,31,56396,59750,1801,93,197265,59812,2519,31,78613,52937,1504,500,777343,52937,1802,31,56335,55125,1002,31,31372,55187,3294,187,565429,60500,2512,31,78491,60437,967904,631272,881760,20284,232300,0,240804,72372,60620,168,180184,72204,8,0,205536,139780,762368,491492,0,0,0,0,60600,7008,188,17244,12488,4756,720,788,0,0,0,483952,78172,245760,3180,131512,
1421976051430141,1011,93,63232,51375,1004,343,358886,56375,1809,31,56396,59750,1802,109,197265,59750,2518,31,117919,52937,1506,515,799804,52875,1798,31,56457,55187,1004,31,31372,55187,3295,187,566406,60500,2518,31,78369,60437,967904,631304,881792,20284,232300,0,240804,72372,60620,168,180184,72204,8,0,205536,139780,762368,491524,0,0,0,0,60600,7008,188,17244,12488,4756,720,788,0,0,0,483952,78172,245760,3180,131512,
1421976053485493,1006,46,63110,51375,1004,375,344238,56375,1805,31,56213,59750,1798,109,197265,59750,2520,46,78735,52937,1504,515,778320,52937,1801,31,56396,55187,1004,31,31372,55187,3292,187,566406,60437,2512,31,78369,60500,967904,631304,881796,20284,232308,0,240804,72372,60620,168,180184,72204,8,0,205536,139780,762368,491524,0,0,12,0,60600,7008,188,17248,12492,4756,720,788,0,0,0,483952,78172,245760,3180,131512,
1421976055541748,1008,78,78979,51437,1005,343,329589,56375,1805,31,56457,59750,1803,93,197021,59750,2516,31,117919,52937,1506,515,776367,52937,1808,31,56396,55125,1004,31,31372,55187,3298,187,565429,60437,2515,31,78491,60500,967904,631304,881796,20284,232308,0,240804,72372,60620,168,180184,72204,8,0,205536,139780,762368,491524,0,0,12,0,60600,7008,188,17248,12492,4756,720,788,0,0,0,483952,78172,245760,3180,131512,
1421976057601579,1012,78,63232,51437,1004,343,344726,56375,1803,31,56396,59750,1802,93,168945,59812,2519,31,78735,52937,1507,531,776367,52937,1803,31,56213,55187,1003,31,31372,55187,3295,187,566406,60437,2508,31,78491,60437,967904,631304,881800,20292,232304,0,240804,72376,60620,168,180184,72208,8,0,205536,139780,762368,491524,0,0,16,0,60600,7008,188,17248,12492,4756,720,788,0,0,0,483952,78172,245760,3180,131512,
1421976059657890,1011,62,78613,51437,999,312,329101,56375,1803,31,56396,59750,1801,125,224853,59812,2515,31,78735,52937,1504,531,776367,52937,1803,31,56335,55187,1003,31,31372,55187,3294,171,618164,60437,2513,31,78369,60500,967904,631304,881800,20292,232308,0,240804,72376,60620,168,180184,72208,8,0,205536,139780,762368,491524,0,0,16,0,60600,7008,188,17248,12492,4756,720,788,0,0,0,483952,78172,245760,3180,131512,
1421976061714827,1009,46,47424,51437,1005,343,344726,56375,1808,31,56335,59750,1801,109,168945,59750,2516,31,78735,52937,1506,515,776367,52937,1803,31,56213,55187,1003,31,31433,55187,3292,171,565429,60500,2512,31,78613,60500,967904,631304,881800,20292,232308,0,240804,72376,60620,168,180184,72208,8,0,205536,139780,762368,491524,0,0,16,0,60600,7008,188,17248,12492,4756,720,788,0,0,0,483952,78172,245760,3180,131512,
1421976063771100,1007,62,62988,51437,1001,359,361328,56375,1803,31,56396,59750,1803,109,168457,59812,2509,31,78491,52937,1506,515,776367,52937,1799,31,56335,55187,1004,31,31372,55187,3291,203,720703,60500,2508,31,78491,60437,967904,631304,881800,20292,232308,0,240804,72376,60620,168,180184,72208,8,0,205536,139780,762368,491524,0,0,16,0,60600,7008,188,17248,12492,4756,720,788,0,0,0,483952,78172,245760,3180,131512,
1421976065827650,1008,62,63232,51437,1004,343,361328,56375,1803,31,56396,59750,1801,93,168701,59812,2516,31,78735,52937,1504,515,751953,52937,1802,31,56396,55187,1002,31,31372,55250,3294,187,617187,60500,2513,31,78491,60500,967904,631304,881796,20292,232308,0,240804,72376,60620,168,180184,72208,8,0,205536,139780,762368,491524,0,0,16,0,60600,7008,188,17244,12488,4756,720,788,0,0,0,483952,78172,245760,3180,131512,
1421976067884587,1010,78,63110,51437,1004,343,361328,56375,1803,31,56457,59750,1803,109,196777,59812,2518,31,118041,53000,1505,515,776367,52937,1799,31,56274,55187,1002,31,31372,55187,3291,171,617187,60437,2515,31,78369,60500,967904,631304,881796,20292,232308,0,240804,72376,60620,168,180184,72208,8,0,205536,139780,762368,491524,0,0,16,0,60600,7008,188,17248,12488,4760,720,788,0,0,0,483952,78172,245760,3180,131512,
1421976069940546,1009,78,63110,51437,1003,328,330078,56375,1802,31,84716,59750,1794,109,197021,59812,2515,31,78613,52937,1505,515,752929,52937,1802,31,56457,55125,1003,31,31311,55187,3290,203,566406,60500,2515,31,78613,60500,967904,631304,881796,20292,232308,0,240804,72376,60620,168,180184,72208,8,0,205536,139780,762368,491524,0,0,16,0,60600,7008,188,17248,12488,4760,720,788,0,0,0,483952,78172,245760,3180,131512,
1421976071997576,1010,62,47302,51437,1006,343,377929,56375,1808,31,56518,59750,1795,109,196289,59750,2519,46,78735,52937,1506,515,776367,52875,1802,31,56335,55187,1002,31,31311,55187,3288,171,669921,60500,2509,31,78369,60500,967904,631304,881796,20292,232308,0,240804,72376,60620,168,180184,72208,8,0,205536,139780,762368,491524,0,0,16,0,60600,7008,188,17248,12488,4760,720,788,0,0,0,483952,78172,245760,3180,131512,
1421976074054420,1010,78,63232,51437,1001,359,360839,56375,1802,31,56518,59750,1802,109,168945,59750,2518,31,78735,52937,1507,515,752929,52937,1803,31,56396,55187,1003,31,31372,55187,3296,187,617187,60500,2510,31,78369,60500,967904,631304,881796,20292,232308,0,240804,72376,60620,168,180184,72208,8,0,205536,139780,762368,491524,0,0,16,0,60600,7008,188,17248,12488,4760,720,788,0,0,0,483952,78172,245760,3180,131512,
1421976076111118,1009,62,78979,51437,1005,328,330078,56437,1806,31,56518,59750,1798,109,197021,59750,2512,31,78369,52937,1507,515,776367,52937,1805,31,56457,55187,1004,31,31372,55187,3290,156,566406,60500,2513,31,78369,60500,967904,631304,881796,20292,232308,0,240804,72376,60620,168,180184,72208,8,0,205536,139780,762368,491524,0,0,16,0,60600,7008,188,17248,12488,4760,720,788,0,0,0,483952,78172,245760,3180,131512,
1421976078167576,1009,78,78857,51437,1002,375,361328,56437,1796,31,56396,59750,1798,109,168945,59750,2515,31,78735,52937,1507,515,776367,52875,1802,31,56152,55187,1003,31,31372,55187,3291,187,618164,60500,2510,31,78491,60500,967904,631304,881796,20292,232308,0,240804,72376,60620,168,180184,72208,8,0,205536,139780,762368,491524,0,0,16,0,60600,7008,188,17244,12488,4756,720,788,0,0,0,483952,78172,245760,3180,131512,
1421976080227922,1010,93,94482,51437,1002,375,360351,56437,1805,31,56457,59750,1796,93,197021,59750,2510,62,78491,52937,1507,515,776367,52937,1805,31,56335,55187,1005,31,31433,55187,3296,187,618164,60500,2509,31,78369,60500,967904,631304,881796,20292,232308,0,240804,72376,60620,168,180184,72208,8,0,205536,139780,762368,491524,0,0,16,0,60600,7008,188,17244,12488,4756,720,788,0,0,0,483952,78172,245760,3180,131512,
1421976082284915,1009,78,78857,51437,1006,343,360839,56437,1799,31,56335,59750,1802,109,168212,59812,2515,62,78613,52937,1507,515,776367,52875,1801,31,56396,55187,1003,31,31433,55187,3287,171,566406,60500,2509,31,78369,60500,967904,631296,881800,20292,232308,0,240804,72376,60620,168,180184,72208,8,0,205536,139780,762368,491516,0,0,4,12,60600,7008,188,17264,12500,4764,720,788,0,0,0,483952,78172,245760,3180,131512,
1421976084341428,1009,93,78979,51437,1001,359,361328,56437,1808,31,56518,59750,1802,93,197265,59750,2518,31,117797,52937,1506,515,753906,52937,1799,31,56091,55187,1004,31,31372,55187,3292,203,668945,60500,2510,31,78491,60500,967904,631296,881800,20292,232308,0,240804,72376,60620,168,180184,72208,8,0,205536,139780,762368,491516,0,0,4,0,60600,7008,188,17264,12500,4764,720,788,0,0,0,483952,78172,245760,3180,131512,
1421976086397720,1012,93,94726,51437,1005,359,361328,56437,1809,31,56335,59750,1801,109,197265,59750,2518,46,78735,52937,1507,500,799804,52937,1802,31,56396,55125,1005,31,31372,55187,3292,218,772460,60500,2508,31,78491,60500,967904,631296,881800,20292,232308,0,240804,72376,60620,168,180184,72208,8,0,205536,139780,762368,491516,0,0,4,0,60600,7008,188,17264,12500,4764,720,788,0,0,0,483952,78172,245760,3180,131512,
1421976088453901,1011,62,78979,51437,1001,343,345214,56437,1805,31,56335,59750,1802,109,224853,59750,2520,31,78735,52937,1506,515,752929,52875,1799,31,56396,55187,1003,31,31372,55187,3287,203,669921,60562,2512,31,78369,60562,967904,631264,881768,20300,232304,0,240804,72376,60620,168,180184,72208,8,0,205536,139780,762368,491484,0,0,4,0,60600,7008,188,17264,12500,4764,720,788,0,0,0,483952,78172,245760,3180,131512,
1421976090510285,1006,78,79101,51437,1002,359,345703,56437,1806,46,84594,59750,1805,93,196533,59750,2516,31,117919,52937,1505,484,729492,52875,1805,31,56396,55187,1001,31,31372,55187,3291,203,618164,60562,2510,31,78491,60562,967904,631272,881780,20300,232308,0,240804,72380,60620,168,180184,72212,8,0,205536,139780,762368,491492,0,0,12,0,60600,7008,188,17256,12500,4756,720,788,0,0,0,483952,78172,245760,3180,131512,
1421976092566853,1011,46,63110,51437,1001,343,359375,56437,1808,31,84716,59750,1795,93,168701,59812,2513,31,78735,52937,1506,515,777343,52937,1802,31,56396,55187,1004,31,31372,55187,3290,203,668945,60562,2509,31,78613,60500,967904,631272,881796,20300,232308,0,240808,72392,60620,168,180188,72224,8,0,205536,139780,762368,491492,0,0,0,0,60600,7008,188,17256,12500,4756,720,788,0,0,0,483952,78172,245760,3180,131512,
1421976094623071,1010,62,62866,51437,1000,359,360351,56437,1803,46,56457,59750,1802,93,196777,59812,2519,31,117919,52937,1506,515,776367,52937,1801,31,56396,55187,1002,31,31311,55187,3292,203,668945,60500,2512,31,78491,60500,967904,631304,881820,20300,232316,0,240808,72392,60620,168,180188,72224,8,0,205536,139780,762368,491524,0,0,12,0,60600,7008,188,17248,12492,4756,720,788,0,0,0,483952,78172,245760,3180,131512,
1421976096679437,1012,62,62988,51437,1006,343,360839,56437,1806,46,56396,59750,1802,93,140380,59812,2519,46,78735,52937,1503,531,778320,52937,1806,31,56396,55187,1004,31,31372,55187,3294,203,669921,60500,2513,31,78369,60500,967904,631304,881820,20300,232316,0,240808,72392,60620,168,180188,72224,8,0,205536,139780,762368,491524,0,0,12,0,60600,7008,188,17248,12492,4756,720,788,0,0,0,483952,78172,245760,3180,131512,
1421976098736189,1008,62,47424,51437,1001,359,360839,56437,1802,31,56396,59750,1798,125,196777,59750,2518,46,117919,52937,1507,515,777343,52937,1805,31,56396,55187,1005,31,31372,55125,3294,203,668945,60500,2509,31,78491,60500,967904,631272,881792,20308,232312,0,240808,72396,60620,168,180188,72228,8,0,205536,139780,762368,491492,0,0,16,0,60600,7008,188,17252,12492,4760,720,788,0,0,0,483952,78172,245760,3180,131512,
1421976100796886,1008,46,62988,51437,1003,359,360351,56437,1802,31,56335,59750,1803,125,169189,59812,2508,62,78369,52937,1507,515,752929,52937,1806,31,56213,55187,1002,31,31372,55125,3291,187,667968,60562,2513,31,78613,60562,967904,631304,881824,20308,232316,0,240808,72396,60620,168,180188,72228,8,0,205536,139780,762368,491524,0,0,16,0,60600,7008,188,17252,12492,4760,720,788,0,0,0,483952,78172,245760,3180,131512,
1421976102853583,1009,62,63110,51437,1001,359,345703,56437,1796,31,56396,59750,1795,93,197021,59812,2507,31,78491,52937,1508,515,752929,52937,1803,31,56335,55187,1002,31,31433,55125,3284,187,618164,60562,2512,31,78491,60562,967904,631304,881824,20308,232316,0,240808,72396,60620,168,180188,72228,8,0,205536,139780,762368,491524,0,0,16,0,60600,7008,188,17252,12492,4760,720,788,0,0,0,483952,78172,245760,3180,131512,
1421976104909894,1010,78,78491,51437,1004,343,346191,56437,1801,31,56396,59750,1805,93,197265,59812,2509,31,78369,52937,1507,515,752929,52937,1799,31,56396,55125,1003,31,31311,55125,3292,187,668945,60500,2508,31,78491,60562,967904,631304,881824,20308,232316,0,240808,72396,60620,168,180188,72228,8,0,205536,139780,762368,491524,0,0,16,0,60600,7008,188,17252,12492,4760,720,788,0,0,0,483952,78172,245760,3180,131512,
1421976106965743,1010,62,63110,51437,1004,343,344238,56437,1806,46,56335,59750,1803,109,196777,59812,2518,31,117919,52937,1506,515,752929,52937,1803,31,56396,55187,1005,31,31372,55187,3295,187,719726,60562,2510,31,78491,60562,967904,631304,881820,20308,232316,0,240808,72396,60620,168,180188,72228,8,0,205536,139780,762368,491524,0,0,16,0,60600,7008,188,17248,12488,4760,720,788,0,0,0,483952,78172,245760,3180,131512,
1421976109022459,1009,62,47424,51437,1002,359,344238,56437,1806,31,56213,59750,1799,93,168701,59812,2507,31,78369,52937,1507,500,777343,52937,1803,31,56274,55187,1005,31,31372,55187,3292,203,616210,60500,2512,31,78613,60500,967904,631304,881820,20308,232316,0,240808,72396,60620,168,180188,72228,8,0,205536,139780,762368,491524,0,0,16,0,60600,7008,188,17248,12488,4760,720,788,0,0,0,483952,78172,245760,3180,131512,
1421976111078659,1009,62,63232,51437,1001,359,361328,56437,1805,31,56396,59750,1803,93,196289,59812,2512,62,78735,53000,1504,515,776367,52937,1803,31,56274,55187,1003,31,31433,55187,3294,187,618164,60500,2512,31,78613,60500,967904,631304,881820,20308,232316,0,240808,72396,60620,168,180188,72228,8,0,205536,139780,762368,491524,0,0,16,0,60600,7008,188,17244,12488,4756,720,788,0,0,0,483952,78172,245760,3180,131512,
1421976113135485,1010,78,78735,51437,1006,328,344238,56437,1802,31,56457,59750,1792,109,225097,59812,2518,31,78491,52937,1506,515,777343,52937,1802,31,56274,55187,1004,31,31372,55187,3291,187,617187,60500,2509,31,78491,60500,967904,631272,881788,20308,232316,0,240808,72396,60620,168,180188,72228,8,0,205536,139780,762368,491492,0,0,16,0,60600,7008,188,17244,12488,4756,720,788,0,0,0,483952,78172,245760,3180,131512,
1421976115191666,1010,78,63232,51437,1004,343,360839,56437,1808,31,56335,59750,1801,93,168945,59812,2518,31,117797,53000,1506,515,775390,52937,1805,31,56396,55125,1004,31,31372,55187,3295,171,617187,60500,2509,31,78613,60500,967904,631304,881820,20308,232316,0,240808,72396,60620,168,180188,72228,8,0,205536,139780,762368,491524,0,0,16,0,60600,7008,188,17244,12488,4756,720,788,0,0,0,483952,78172,245760,3180,131512,
1421976117248290,1010,78,63110,51437,1002,359,360351,56437,1802,31,56396,59750,1805,93,169189,59812,2516,31,78613,53000,1507,515,777343,52937,1802,31,56396,55187,1001,31,31372,55187,3288,203,667968,60500,2513,31,78491,60500,967904,631304,881820,20308,232316,0,240808,72396,60620,168,180188,72228,8,0,205536,139780,762368,491524,0,0,16,0,60600,7008,188,17244,12488,4756,720,788,0,0,0,483952,78172,245760,3180,131512,
1421976119314332,1009,93,63110,51437,1000,359,360839,56437,1802,31,56518,59750,1799,93,196289,59812,2518,31,157470,53000,1505,515,777343,52937,1806,31,56274,55187,1004,31,31311,55187,3290,203,668945,60500,2513,31,78369,60500,967904,631304,881820,20308,232316,0,240808,72396,60620,168,180188,72228,8,0,205536,139780,762368,491524,0,0,16,0,60600,7008,188,17244,12488,4756,720,788,0,0,0,483952,78172,245760,3180,131512,
1421976121370440,1008,46,62988,51437,1006,359,345214,56437,1796,31,56335,59750,1799,93,197265,59812,2516,31,118041,52937,1507,515,776367,52937,1805,31,56396,55187,1004,31,31433,55187,3292,171,668945,60500,2513,31,78491,60500,967904,631304,881820,20308,232316,0,240808,72396,60620,168,180188,72228,8,0,205536,139780,762368,491524,0,0,16,0,60600,7008,188,17244,12488,4756,720,788,0,0,0,483952,78172,245760,3180,131512,
1421976123426437,1009,62,63232,51437,1003,343,360351,56437,1806,46,56335,59750,1801,93,196777,59812,2518,31,78735,52937,1506,531,800781,52937,1802,31,56335,55187,1004,31,31433,55187,3288,203,617187,60500,2513,31,78369,60500,967904,631296,881824,20308,232316,0,240808,72396,60620,168,180188,72228,8,0,205536,139780,762368,491516,0,0,4,0,60600,7008,188,17264,12500,4764,720,788,0,0,0,483952,78172,245760,3180,131512,
1421976125482249,1006,93,94726,51437,1001,359,328613,56437,1805,31,56396,59750,1801,93,168945,59812,2510,31,156738,52937,1507,515,776367,52937,1805,31,56152,55187,1004,31,31372,55187,3291,187,513671,60500,2510,31,78369,60500,967904,631296,881824,20308,232316,0,240808,72396,60620,168,180188,72228,8,0,205536,139780,762368,491516,0,0,4,0,60600,7008,188,17264,12500,4764,720,788,0,0,0,483952,78172,245760,3180,131512,
1421976127538597,1010,78,78979,51437,1004,359,360351,56437,1805,31,56457,59750,1802,125,225585,59750,2509,46,78247,52937,1507,515,776367,52875,1798,31,56396,55187,1004,31,31372,55187,3294,187,669921,60500,2509,31,78491,60500,967904,631296,881824,20308,232316,0,240808,72396,60620,168,180188,72228,8,0,205536,139780,762368,491516,0,0,4,0,60600,7008,188,17268,12500,4768,720,788,0,0,0,483952,78172,245760,3180,131512,
1421976129594796,1008,62,63110,51375,1006,359,343261,56375,1808,31,84716,59750,1802,109,169189,59812,2515,31,78735,52937,1506,531,799804,52875,1802,31,56396,55187,1005,31,31311,55187,3292,156,514648,60500,2513,31,78613,60437,967904,631296,881828,20316,232316,0,240808,72400,60620,168,180188,72232,8,0,205536,139780,762368,491516,0,0,12,0,60600,7008,188,17268,12500,4768,720,788,0,0,0,483952,78172,245760,3180,131512,
1421976131651051,1010,62,94726,51437,1004,375,375488,56375,1802,31,56396,59812,1802,93,168701,59812,2516,31,118041,52937,1504,515,776367,52875,1803,31,56518,55187,1003,31,31372,55187,3294,187,668945,60500,2512,31,78369,60500,967904,631296,881828,20316,232316,0,240808,72400,60620,168,180188,72232,8,0,205536,139780,762368,491516,0,0,12,0,60600,7008,188,17268,12500,4768,720,788,0,0,0,483952,78172,245760,3180,131512,
1421976133706679,1010,78,63232,51437,1004,343,329101,56375,1798,31,84594,59812,1801,109,225341,59812,2508,31,117431,52937,1506,515,777343,52875,1805,31,56335,55125,1004,31,31372,55125,3295,187,617187,60500,2510,31,78369,60437,967904,631304,881832,20316,232316,0,240808,72400,60620,168,180188,72232,8,0,205536,139780,762368,491524,0,0,12,0,60600,7008,188,17256,12496,4760,720,788,0,0,0,483952,78172,245760,3180,131512,
1421976135762602,1008,62,63110,51437,1005,359,360839,56375,1805,31,56457,59750,1801,109,197021,59812,2519,31,78613,52937,1506,515,752929,52875,1803,31,56396,55187,1004,31,31372,55187,3294,203,617187,60500,2513,31,78613,60500,967904,631304,881832,20316,232324,0,240808,72400,60620,168,180188,72232,8,0,205536,139780,762368,491524,0,0,12,0,60600,7008,188,17256,12496,4760,720,788,0,0,0,483952,78172,245760,3180,131512,
1421976137818157,1009,62,63110,51437,1006,359,361816,56375,1799,31,56335,59750,1794,93,197265,59812,2505,31,117675,52937,1505,515,776367,52875,1795,31,56457,55125,1002,31,31372,55187,3290,187,617187,60500,2510,31,78369,60437,967904,631304,881828,20316,232324,0,240808,72400,60620,168,180188,72232,8,0,205536,139780,762368,491524,0,0,12,0,60600,7008,188,17248,12492,4756,720,788,0,0,0,483952,78172,245760,3180,131512,
1421976139874338,1008,62,63232,51437,1001,359,343750,56437,1798,46,56518,59750,1802,109,196289,59812,2515,31,78613,52937,1505,515,776367,52875,1805,31,56213,55187,1003,31,31372,55187,3295,203,668945,60500,2510,31,78491,60500,967904,631304,881832,20324,232320,0,240808,72404,60620,168,180188,72236,8,0,205536,139780,762368,491524,0,0,16,0,60600,7008,188,17248,12492,4756,720,788,0,0,0,483952,78172,245760,3180,131512,
1421976141934648,1011,62,63110,51437,1006,328,345703,56375,1802,31,56396,59750,1801,109,168457,59812,2510,31,78369,52937,1507,515,776367,52875,1805,31,56335,55187,1002,31,31433,55187,3288,203,618164,60500,2509,31,78491,60437,967904,631304,881832,20324,232324,0,240808,72404,60620,168,180188,72236,8,0,205536,139780,762368,491524,0,0,16,0,60600,7008,188,17248,12492,4756,720,788,0,0,0,483952,78172,245760,3180,131512,
1421976143991032,1009,46,47302,51437,1004,359,345703,56375,1806,31,56396,59750,1798,109,168945,59750,2513,31,78369,52937,1504,531,776367,52875,1802,31,56396,55187,1005,31,31433,55187,3294,203,668945,60437,2508,31,78491,60437,967904,631304,881832,20324,232324,0,240808,72404,60620,168,180188,72236,8,0,205536,139780,762368,491524,0,0,16,0,60600,7008,188,17248,12492,4756,720,788,0,0,0,483952,78172,245760,3180,131512,
1421976146048209,1010,78,62988,51437,1001,359,361328,56437,1809,31,56518,59750,1803,109,197509,59750,2515,46,118041,52937,1506,515,775390,52875,1802,31,56396,55187,1004,31,31311,55187,3296,203,720703,60500,2510,31,78491,60437,967904,631272,881796,20324,232324,0,240808,72404,60620,168,180188,72236,8,0,205536,139780,762368,491492,0,0,16,0,60600,7008,188,17244,12488,4756,720,788,0,0,0,483952,78172,245760,3180,131512,
1421976148104519,1006,78,78857,51437,1004,343,330078,56375,1805,31,84716,59750,1799,109,197021,59750,2516,31,78735,52937,1506,515,776367,52937,1802,31,56396,55187,1005,31,31433,55187,3292,187,617187,60437,2510,31,78369,60437,967904,631304,881828,20324,232324,0,240808,72404,60620,168,180188,72236,8,0,205536,139780,762368,491524,0,0,16,0,60600,7008,188,17244,12488,4756,720,788,0,0,0,483952,78172,245760,3180,131512,
1421976150160645,1010,78,63110,51437,1002,359,345214,56375,1805,31,56335,59750,1799,109,168945,59750,2519,46,118041,52937,1507,515,776367,52937,1796,31,56396,55187,1002,31,31372,55187,3294,171,667968,60437,2512,31,78369,60437,967904,631304,881828,20324,232324,0,240808,72404,60620,168,180188,72236,8,0,205536,139780,762368,491524,0,0,16,0,60600,7008,188,17244,12488,4756,720,788,0,0,0,483952,78172,245760,3180,131512,
1421976152217158,1007,78,63232,51437,1002,343,344726,56375,1805,31,84716,59750,1803,109,196777,59812,2510,31,78247,52937,1504,515,776367,52937,1805,31,56335,55125,1003,31,31372,55187,3290,203,617187,60437,2515,31,78491,60437,967904,631304,881828,20324,232324,0,240808,72404,60620,168,180188,72236,8,0,205536,139780,762368,491524,0,0,16,0,60600,7008,188,17244,12488,4756,720,788,0,0,0,483952,78172,245760,3180,131512,
1421976154273782,1012,78,62988,51437,1006,359,359863,56375,1802,31,84716,59750,1802,93,168945,59750,2520,31,117919,52937,1507,500,752929,52875,1801,31,56396,55187,1002,31,31372,55187,3290,187,617187,60437,2508,31,78491,60437,967904,631304,881828,20324,232324,0,240808,72404,60620,168,180188,72236,8,0,205536,139780,762368,491524,0,0,16,0,60600,7008,188,17244,12488,4756,720,788,0,0,0,483952,78172,245760,3180,131512,
1421976156330129,1010,62,47302,51437,1002,359,344726,56375,1802,31,56457,59750,1801,109,169189,59750,2518,31,78613,52937,1507,515,753906,52937,1803,31,56396,55187,1004,31,31372,55187,3296,203,617187,60437,2510,31,78491,60437,967904,631304,881828,20324,232324,0,240808,72404,60620,168,180188,72236,8,0,205536,139780,762368,491524,0,0,16,0,60600,7008,188,17244,12488,4756,720,788,0,0,0,483952,78172,245760,3180,131512,
1421976158386753,1011,62,62988,51375,1002,359,343750,56375,1803,31,56396,59750,1796,93,168457,59750,2510,46,117553,52937,1507,515,775390,52937,1803,31,56457,55187,1003,31,31372,55187,3292,187,668945,60437,2507,31,78369,60437,967904,631272,881796,20324,232324,0,240808,72404,60620,168,180188,72236,8,0,205536,139780,762368,491492,0,0,16,0,60600,7008,188,17244,12488,4756,720,788,0,0,0,483952,78172,245760,3180,131512,
1421976160443210,1012,78,78857,51375,1004,343,360351,56375,1805,31,56396,59750,1803,125,197265,59750,2510,31,78491,52937,1506,531,800781,52937,1803,31,56396,55187,1004,31,31372,55187,3295,187,616210,60437,2513,31,78613,60437,967904,631304,881828,20324,232324,0,240808,72404,60620,168,180188,72236,8,0,205536,139780,762368,491524,0,0,16,0,60600,7008,188,17244,12488,4756,720,788,0,0,0,483952,78172,245760,3180,131512,
1421976162503760,1008,62,63110,51375,1006,343,360839,56375,1805,31,56396,59750,1805,109,168701,59750,2509,46,78369,52937,1506,515,775390,52937,1808,31,56396,55187,1003,31,31372,55187,3296,171,566406,60437,2512,31,78613,60437,967904,631272,881796,20324,232324,0,240808,72404,60620,168,180188,72236,8,0,205536,139780,762368,491492,0,0,16,0,60600,7008,188,17244,12488,4756,720,788,0,0,0,483952,78172,245760,3180,131512,
1421976164559996,1010,78,63110,51375,1004,343,361328,56375,1806,31,56457,59750,1801,109,168945,59750,2512,46,117553,52937,1504,500,778320,52937,1802,31,56396,55187,1004,31,31433,55187,3299,203,668945,60437,2510,31,78491,60437,967904,631296,881860,20324,232324,0,240816,72424,60620,168,180196,72256,8,0,205536,139780,762368,491516,0,0,4,0,60600,7008,188,17264,12500,4764,720,788,0,0,0,483952,78172,245760,3180,131512,
1421976166616933,1011,78,47180,51375,1002,328,330078,56375,1808,31,56396,59687,1801,109,168945,59750,2518,62,78735,52937,1507,500,777343,52937,1801,31,56396,55187,1004,31,31372,55187,3287,203,668945,60437,2509,31,78491,60437,967904,631296,881860,20324,232324,0,240816,72424,60620,168,180196,72256,8,0,205536,139780,762368,491516,0,0,4,0,60600,7008,188,17264,12500,4764,720,788,0,0,0,483952,78172,245760,3180,131512,
1421976168673170,1009,62,63232,51375,1005,359,345214,56375,1802,31,56396,59750,1795,125,225341,59750,2523,31,78735,52937,1507,515,777343,52937,1796,31,56457,55187,1002,31,31372,55187,3295,187,668945,60437,2509,31,78491,60437,967904,631296,881860,20324,232324,0,240816,72424,60620,168,180196,72256,8,0,205536,139780,762368,491516,0,0,4,0,60600,7008,188,17264,12500,4764,720,788,0,0,0,483952,78172,245760,3180,131512,
1421976170729867,1006,78,94482,51375,1003,375,376953,56375,1803,31,56396,59750,1802,93,197265,59750,2512,31,78735,52937,1506,515,776367,52937,1796,31,56274,55187,1004,31,31433,55250,3295,171,566406,60437,2513,31,78369,60437,967904,631304,881872,20332,232324,0,240816,72428,60620,168,180196,72260,8,0,205536,139780,762368,491524,0,0,12,0,60600,7008,188,17256,12500,4756,720,788,0,0,0,483952,78172,245760,3180,131512,
1421976172786085,1010,62,63110,51437,1005,343,328125,56375,1796,31,56457,59750,1802,93,168945,59750,2521,46,157470,52937,1507,531,777343,52937,1801,31,56274,55187,1004,31,31372,55187,3292,171,566406,60437,2505,31,78491,60437,967904,631304,881872,20332,232324,0,240816,72428,60620,168,180196,72260,8,0,205536,139780,762368,491524,0,0,12,0,60600,7008,188,17256,12500,4756,720,788,0,0,0,483952,78172,245760,3180,131512,
1421976174843188,1010,62,63110,51375,1005,359,361328,56375,1806,31,56213,59687,1801,93,168945,59750,2516,31,78735,52937,1506,515,776367,52875,1803,31,56396,55187,1004,31,31433,55187,3292,187,617187,60437,2508,31,78491,60437,967904,631304,881876,20332,232324,0,240816,72432,60620,168,180196,72264,8,0,205536,139780,762368,491524,0,0,0,0,60600,7008,188,17256,12500,4756,720,788,0,0,0,483952,78172,245760,3180,131512,
1421976176900272,1012,78,63110,51375,1005,343,329101,56375,1803,31,56518,59750,1805,125,224853,59750,2519,31,78613,52937,1506,515,752929,52937,1802,31,56335,55187,1005,31,31372,55187,3288,187,617187,60437,2512,31,78491,60437,967904,631304,881876,20332,232332,0,240816,72432,60620,168,180196,72264,8,0,205536,139780,762368,491524,0,0,12,0,60600,7008,188,17256,12500,4756,720,788,0,0,0,483952,78172,245760,3180,131512,
1421976178956232,1012,78,94482,51375,1001,359,376953,56375,1799,31,56396,59750,1799,125,224853,59750,2519,31,78735,52937,1506,515,776367,52937,1805,31,56335,55125,1004,31,31372,55187,3287,171,668945,60437,2509,31,78491,60437,967904,631272,881832,20332,232332,0,240816,72432,60620,168,180196,72264,8,0,205536,139780,762368,491492,0,0,12,0,60600,7008,188,17244,12488,4756,720,788,0,0,0,483952,78172,245760,3180,131512,
1421976182087322,1010,62,78735,51375,1004,375,345703,56375,1801,31,56396,59750,1798,93,169189,59812,2520,31,118041,53000,1506,515,776367,52937,1801,31,56213,55187,1004,31,31372,55187,3294,171,565429,60437,2512,31,78491,60437,967904,631304,881868,20340,232332,0,240816,72436,60620,168,180196,72268,8,0,205536,139780,762368,491524,0,0,16,0,60632,7008,188,17312,12488,4824,720,788,0,0,0,483952,78172,245760,3180,131512,
1421976184131227,1011,62,47363,51375,1002,359,359375,56375,1806,31,56396,59750,1802,109,225341,59750,2509,31,156982,52937,1505,515,800781,52937,1798,31,56335,55187,1005,31,31372,55187,3292,203,667968,60437,2510,31,78491,60375,967904,631304,881880,20340,232332,0,240844,72444,60644,168,180200,72276,8,0,205536,139780,762368,491524,0,0,16,0,60632,7008,188,17324,12488,4836,720,788,0,0,0,483952,78172,245760,3180,131512,
1421976186187648,1007,46,78857,51375,1005,328,314453,56375,1806,31,56396,59750,1801,93,168457,59750,2518,31,78735,52937,1503,515,776367,52937,1805,31,56396,55187,1003,31,31433,55187,3292,171,618164,60437,2513,31,78491,60437,967904,631272,881848,20340,232332,0,240844,72444,60644,168,180200,72276,8,0,205536,139780,762368,491492,0,0,16,0,60632,7008,188,17324,12488,4836,720,788,0,0,0,483952,78172,245760,3180,131512,
1421976188244696,1012,62,62988,51375,1004,343,359863,56375,1806,31,56396,59750,1794,93,197265,59750,2512,31,118041,52937,1505,515,778320,52937,1805,31,56396,55187,1001,31,31433,55187,3295,218,720703,60437,2510,31,78491,60437,967904,631304,881880,20340,232332,0,240844,72444,60644,168,180200,72276,8,0,205536,139780,762368,491524,0,0,16,0,60632,7008,188,17324,12488,4836,720,788,0,0,0,483952,78172,245760,3180,131512,
1421976190301633,1009,62,62988,51375,1001,343,360351,56375,1806,31,56335,59687,1796,93,168945,59750,2516,31,78735,52937,1504,515,776367,52937,1802,31,56396,55187,1003,31,31433,55187,3291,171,618164,60437,2508,31,78491,60437,967904,631304,881880,20340,232332,0,240844,72444,60644,168,180200,72276,8,0,205536,139780,762368,491524,0,0,16,0,60632,7008,188,17304,12488,4816,720,788,0,0,0,483952,78172,245760,3180,131512,
1421976192358275,1009,78,78979,51375,1004,359,345703,56375,1799,46,56396,59750,1795,125,196777,59812,2519,31,117919,52937,1505,500,776367,52937,1803,31,56213,55187,1004,31,31372,55187,3296,171,513671,60437,2510,31,78491,60437,967904,631304,881880,20340,232332,0,240844,72444,60644,168,180200,72276,8,0,205536,139780,762368,491524,0,0,16,0,60632,7008,188,17304,12488,4816,720,788,0,0,0,483952,78172,245760,3180,131512,
1421976194414880,1009,62,63110,51437,1003,343,345214,56375,1805,31,56152,59750,1803,93,169189,59750,2519,46,78613,52937,1507,515,752929,52937,1802,31,56274,55187,1003,31,31372,55187,3290,171,565429,60437,2512,31,78491,60437,967904,631304,881880,20340,232332,0,240844,72444,60644,168,180200,72276,8,0,205536,139780,762368,491524,0,0,16,0,60632,7008,188,17276,12488,4788,720,788,0,0,0,483952,78172,245760,3180,131512,
1421976196471595,1009,62,63110,51437,999,359,345214,56375,1798,31,56396,59750,1805,93,168701,59812,2520,46,78735,52937,1506,515,776367,52937,1801,31,56213,55187,1004,31,31433,55187,3292,203,668945,60500,2512,31,78491,60437,967904,631304,881880,20340,232332,0,240844,72444,60644,168,180200,72276,8,0,205536,139780,762368,491524,0,0,16,0,60632,7008,188,17276,12488,4788,720,788,0,0,0,483952,78172,245760,3180,131512,
1421976198527592,1009,78,78735,51437,1006,343,330078,56375,1806,31,56213,59750,1801,93,168457,59750,2516,31,117919,52937,1506,500,752929,52937,1802,31,56274,55187,1003,31,31372,55187,3291,187,565429,60437,2510,31,78491,60437,967904,631304,881880,20340,232332,0,240844,72444,60644,168,180200,72276,8,0,205536,139780,762368,491524,0,0,16,0,60632,7008,188,17268,12488,4780,720,788,0,0,0,483952,78172,245760,3180,131512,
1421976200583958,1010,31,63110,51375,1005,359,359863,56375,1806,31,56396,59750,1803,93,197509,59750,2510,46,78369,52937,1506,500,777343,52937,1801,31,56396,55187,1004,31,31372,55187,3292,187,668945,60437,2515,31,78369,60437,967904,631304,881880,20340,232332,0,240844,72444,60644,168,180200,72276,8,0,205536,139780,762368,491524,0,0,16,0,60632,7008,188,17268,12488,4780,720,788,0,0,0,483952,78172,245760,3180,131512,
1421976202641079,1010,62,63110,51375,1003,359,360839,56375,1802,31,56457,59750,1799,109,225341,59750,2507,31,78491,52937,1506,515,777343,52937,1803,31,56457,55187,1003,31,31433,55187,3294,171,566406,60437,2513,31,78369,60500,967904,631304,881880,20340,232332,0,240844,72444,60644,168,180200,72276,8,0,205536,139780,762368,491524,0,0,16,0,60632,7008,188,17248,12488,4760,720,788,0,0,0,483952,78172,245760,3180,131512,
1421976204701758,1009,62,47424,51375,1004,359,376464,56375,1801,31,56518,59750,1802,93,168945,59750,2515,31,78735,52937,1506,515,777343,52937,1805,31,56335,55187,1002,31,31433,55187,3290,203,618164,60437,2512,31,78491,60437,967904,631304,881880,20340,232332,0,240844,72444,60644,168,180200,72276,8,0,205536,139780,762368,491524,0,0,16,0,60632,7008,188,17248,12488,4760,720,788,0,0,0,483952,78172,245760,3180,131512,
1421976206757884,1011,46,63232,51375,1003,359,375488,56375,1806,46,56518,59750,1794,93,168945,59750,2512,46,117919,52937,1506,515,776367,52937,1805,31,56335,55187,1003,31,31372,55187,3295,203,668945,60437,2510,31,78491,60437,967904,631296,881884,20340,232332,0,240852,72444,60652,168,180200,72276,8,0,205536,139780,762368,491516,0,0,4,0,60632,7008,188,17264,12500,4764,720,788,0,0,0,483952,78172,245760,3180,131512,
1421976208814157,1010,78,78979,51375,1001,343,360839,56375,1803,31,84594,59750,1799,109,168701,59750,2516,31,78735,52937,1507,515,799804,52937,1803,31,56274,55187,1004,31,31372,55187,3290,171,566406,60437,2515,31,78491,60437,967904,631296,881884,20340,232332,0,240852,72444,60652,168,180200,72276,8,0,205536,139780,762368,491516,0,0,4,0,60632,7008,188,17264,12500,4764,720,788,0,0,0,483952,78172,245760,3180,131512,
1421976210870320,1011,62,47363,51375,1001,359,343750,56375,1802,31,56518,59750,1799,93,197265,59750,2518,31,78613,52937,1506,515,776367,52937,1803,31,56274,55187,1004,31,31372,55187,3291,203,668945,60437,2510,31,78369,60437,967904,631304,881892,20348,232324,0,240852,72444,60652,168,180200,72276,8,0,205536,139780,762368,491524,0,0,4,0,60632,7008,188,17256,12500,4756,720,788,0,0,0,483952,78172,245760,3180,131512,
1421976212926925,1009,62,63110,51375,1005,343,345214,56375,1799,31,56457,59687,1802,93,196777,59750,2520,46,117797,52937,1506,500,753906,52875,1806,31,56396,55187,1002,31,31372,55187,3292,203,669921,60500,2509,31,78613,60437,967904,631304,881896,20348,232332,0,240852,72448,60652,168,180200,72280,8,0,205536,139780,762368,491524,0,0,12,0,60632,7008,188,17256,12500,4756,720,788,0,0,0,483952,78172,245760,3180,131512,
1421976214983272,1010,62,94726,51375,1000,343,361328,56375,1803,31,56457,59687,1802,93,197265,59750,2509,31,78369,53000,1507,515,751953,52937,1801,31,56396,55187,1004,31,31372,55187,3291,218,669921,60500,2513,31,78491,60437,967904,631304,881896,20348,232332,0,240852,72448,60652,168,180200,72280,8,0,205536,139780,762368,491524,0,0,12,0,60632,7008,188,17256,12500,4756,720,788,0,0,0,483952,78172,245760,3180,131512,
1421976217040596,1009,62,62988,51437,1006,328,328613,56375,1805,46,56213,59687,1794,125,168945,59750,2516,46,78613,52937,1505,515,776367,52937,1801,31,56396,55187,1005,31,31372,55187,3296,218,669921,60500,2510,31,78613,60500,967904,631304,881900,20348,232332,0,240852,72452,60652,168,180200,72284,8,0,205536,139780,762368,491524,0,0,0,0,60632,7008,188,17256,12500,4756,720,788,0,0,0,483952,78172,245760,3180,131512,
1421976219106086,1007,46,63110,51437,1005,343,359863,56375,1803,31,56274,59687,1805,109,196289,59750,2515,31,78613,52937,1505,515,752929,52937,1808,31,56457,55187,1003,31,31433,55187,3291,218,720703,60500,2512,31,78613,60500,967904,631304,881892,20348,232340,0,240852,72452,60652,168,180200,72284,8,0,205536,139780,762368,491524,0,0,12,0,60632,7008,188,17248,12492,4756,720,788,0,0,0,483952,78172,245760,3180,131512,
1421976221162101,1006,62,78979,51437,1006,375,344238,56375,1808,31,56396,59687,1795,93,168945,59750,2518,46,78735,52937,1505,515,776367,52875,1802,31,56396,55187,1004,31,31372,55187,3287,218,718750,60500,2515,31,78613,60500,967904,631304,881892,20348,232340,0,240852,72452,60652,168,180200,72284,8,0,205536,139780,762368,491524,0,0,12,0,60632,7008,188,17248,12492,4756,720,788,0,0,0,483952,78172,245760,3180,131512,
1421976223218024,1010,62,63232,51437,1001,359,345214,56375,1803,31,56213,59750,1803,93,168701,59750,2519,31,78857,52937,1505,500,778320,52875,1801,31,56213,55187,1002,31,31311,55187,3291,187,617187,60500,2513,31,78491,60500,967904,631304,881892,20356,232332,0,240852,72452,60652,168,180200,72284,8,0,205536,139780,762368,491524,0,0,12,0,60632,7008,188,17248,12492,4756,720,788,0,0,0,483952,78172,245760,3180,131512,
1421976225273653,1009,62,47302,51437,1004,359,344726,56375,1803,31,56396,59750,1803,109,196777,59812,2518,31,78613,52937,1507,500,775390,52937,1802,31,56396,55187,1003,31,31372,55187,3290,218,668945,60500,2513,31,78613,60500,967904,631304,881896,20356,232340,0,240852,72456,60652,168,180200,72288,8,0,205536,139780,762368,491524,0,0,16,0,60632,7008,188,17248,12492,4756,720,788,0,0,0,483952,78172,245760,3180,131512,
1421976227329834,1010,93,94726,51375,1004,359,344238,56375,1805,31,56396,59750,1802,109,225341,59812,2510,31,78247,52937,1506,531,776367,52937,1803,31,56335,55187,1003,31,31372,55187,3287,203,668945,60500,2510,31,78613,60500,967904,631304,881896,20356,232340,0,240852,72456,60652,168,180200,72288,8,0,205536,139780,762368,491524,0,0,16,0,60632,7008,188,17248,12492,4756,720,788,0,0,0,483952,78172,245760,3180,131512,
1421976229420188,1010,62,63110,51375,1004,343,377441,56375,1799,31,56091,59750,1801,109,196289,59812,2509,46,117675,52937,1504,500,752929,52937,1801,31,56518,55187,1004,31,31372,55187,3291,203,667968,60500,2510,31,78491,60500,967904,631304,881892,20356,232340,0,240852,72456,60652,168,180200,72288,8,0,205536,139780,762368,491524,0,0,16,0,60632,7008,188,17244,12488,4756,720,788,0,0,0,483952,78172,245760,3180,131512,
1421976231475927,1007,62,63110,51375,1002,328,330078,56375,1802,31,56335,59750,1795,125,225097,59750,2518,31,118041,52937,1505,515,777343,52875,1805,31,56457,55187,1004,31,31433,55250,3292,203,667968,60500,2513,31,78369,60500,967904,631272,881860,20356,232340,0,240852,72456,60652,168,180200,72288,8,0,205536,139780,762368,491492,0,0,16,0,60632,7008,188,17244,12488,4756,720,788,0,0,0,483952,78172,245760,3180,131512,
1421976233531518,1011,62,78857,51375,1004,343,359863,56375,1806,31,56396,59750,1802,93,196777,59750,2519,31,78613,52937,1506,515,776367,52937,1796,31,56274,55187,1003,31,31433,55187,3294,187,668945,60500,2510,31,78491,60500,967904,631304,881892,20356,232340,0,240852,72456,60652,168,180200,72288,8,0,205536,139780,762368,491524,0,0,16,0,60632,7008,188,17244,12488,4756,720,788,0,0,0,483952,78172,245760,3180,131512,
1421976235587902,1011,62,63110,51437,1006,328,345214,56375,1805,46,56396,59750,1798,109,197509,59750,2507,31,78369,52937,1508,515,778320,52875,1799,31,56335,55187,1002,31,31372,55187,3291,187,617187,60500,2512,31,78613,60500,967904,631304,881892,20356,232340,0,240852,72456,60652,168,180200,72288,8,0,205536,139780,762368,491524,0,0,16,0,60632,7008,188,17244,12488,4756,720,788,0,0,0,483952,78172,245760,3180,131512,
1421976237644028,1010,62,63232,51375,1002,328,328613,56375,1806,31,56274,59750,1799,93,196777,59750,2516,31,78735,52937,1506,515,776367,52937,1803,31,56274,55187,1002,31,31433,55187,3291,171,616210,60500,2509,31,78613,60500,967904,631304,881892,20356,232340,0,240852,72456,60652,168,180200,72288,8,0,205536,139780,762368,491524,0,0,16,0,60632,7008,188,17244,12488,4756,720,788,0,0,0,483952,78172,245760,3180,131512,
1421976239700523,1009,78,63232,51437,1006,343,345703,56375,1805,31,56518,59750,1805,93,168945,59812,2519,31,78613,52937,1506,515,752929,52937,1802,31,56274,55187,1004,31,31372,55187,3292,218,617187,60500,2512,31,78369,60437,967904,631304,881892,20356,232340,0,240852,72456,60652,168,180200,72288,8,0,205536,139780,762368,491524,0,0,16,0,60632,7008,188,17244,12488,4756,720,788,0,0,0,483952,78172,245760,3180,131512,
1421976241761644,1009,78,63110,51375,1006,343,360839,56375,1805,31,56335,59750,1799,109,196777,59812,2519,31,78735,52937,1507,515,776367,52937,1798,31,56274,55187,1002,31,31372,55187,3292,203,668945,60437,2510,31,78369,60500,967904,631304,881892,20356,232340,0,240852,72456,60652,168,180200,72288,8,0,205536,139780,762368,491524,0,0,16,0,60632,7008,188,17244,12488,4756,720,788,0,0,0,483952,78172,245760,3180,131512,
