t,VCCINT.V,VCCINT.I,VCCINT.P,VCCINT.T,VCCPINT.V,VCCPINT.I,VCCPINT.P,VCCPINT.T,VCCAUX.V,VCCAUX.I,VCCAUX.P,VCCAUX.T,VCCPAUX.V,VCCPAUX.I,VCCPAUX.P,VCCPAUX.T,VCCADJ.V,VCCADJ.I,VCCADJ.P,VCCADJ.T,VCC1V5.V,VCC1V5.I,VCC1V5.P,VCC1V5.T,VCCMIO_PS.V,VCCMIO_PS.I,VCCMIO_PS.P,VCCMIO_PS.T,VCCBRAM.V,VCCBRAM.I,VCCBRAM.P,VCCBRAM.T,VCC3V3.V,VCC3V3.I,VCC3V3.P,VCC3V3.T,VCC2V5.V,VCC2V5.I,VCC2V5.P,VCC2V5.T,M.MemTotal:,M.MemFree:,M.MemAvailable:,M.Buffers:,M.Cached:,M.SwapCached:,M.Active:,M.Inactive:,M.Active(anon):,M.Inactive(anon):,M.Active(file):,M.Inactive(file):,M.Unevictable:,M.Mlocked:,M.HighTotal:,M.HighFree:,M.LowTotal:,M.LowFree:,M.SwapTotal:,M.SwapFree:,M.Dirty:,M.Writeback:,M.AnonPages:,M.Mapped:,M.Shmem:,M.Slab:,M.SReclaimable:,M.SUnreclaim:,M.KernelStack:,M.PageTables:,M.NFS_Unstable:,M.Bounce:,M.WritebackTmp:,M.CommitLimit:,M.Committed_AS:,M.VmallocTotal:,M.VmallocUsed:,M.VmallocChunk:,
1421976619174801,1009,78,62988,51312,1001,281,282226,56312,1806,31,56335,59625,1801,93,168945,59687,2516,31,117919,52937,1506,515,752929,52875,1801,31,56335,55125,1002,31,31372,55125,3292,187,617187,60437,2509,31,78613,60375,967904,630312,882176,20596,233364,0,241616,72736,60420,168,181196,72568,8,0,205536,139960,762368,490352,0,0,480,0,60448,6984,188,17232,12488,4744,720,788,0,0,0,483952,77280,245760,3180,131512,
1421976621246539,1010,62,63110,51312,1002,265,265136,56250,1810,31,56396,59625,1798,93,168945,59687,2518,62,78735,52875,1507,515,776367,52875,1799,31,56396,55125,1004,31,31372,55125,3287,187,565429,60437,2509,31,78247,60437,967904,630312,882184,20596,233368,0,241724,72736,60524,168,181200,72568,8,0,205536,139960,762368,490352,0,0,480,0,60516,7008,188,17256,12492,4764,728,800,0,0,0,483952,77280,245760,3180,131512,
1421976623318498,1011,78,47363,51312,1002,296,298339,56312,1808,31,56091,59625,1799,109,197021,59687,2520,31,78735,52875,1506,515,777343,52875,1802,31,56335,55062,1004,31,31372,55125,3298,187,668945,60437,2509,31,78491,60375,967904,630336,882216,20596,233368,0,241760,72736,60560,168,181200,72568,8,0,205536,139960,762368,490376,0,0,0,52,60540,7008,188,17272,12500,4772,728,800,0,0,0,483952,77280,245760,3180,131512,
1421976625399692,1009,62,78979,51375,1003,296,297363,56312,1805,31,56396,59625,1802,93,196777,59687,2518,31,78735,52937,1505,515,752929,52875,1803,31,56335,55125,1003,31,31372,55125,3294,203,617187,60437,2510,31,78369,60437,967904,630336,882220,20604,233368,0,241760,72740,60560,168,181200,72572,8,0,205536,139960,762368,490376,0,0,28,0,60540,7008,188,17272,12500,4772,728,800,0,0,0,483952,77280,245760,3180,131512,
1421976627472646,1011,46,47363,51375,1006,296,297851,56312,1803,31,56335,59687,1802,109,197021,59687,2508,46,78491,52937,1504,515,776367,52875,1803,31,56396,55125,1004,31,31372,55125,3295,187,617187,60437,2510,31,78491,60437,967904,630344,882228,20604,233368,0,241760,72740,60560,168,181200,72572,8,0,205536,139960,762368,490384,0,0,28,0,60540,7008,188,17252,12500,4752,728,800,0,0,0,483952,77280,245760,3180,131512,
1421976629545877,1010,46,63110,51375,1002,359,376953,56312,1801,31,56518,59687,1802,93,197021,59687,2508,31,156982,52875,1506,531,776367,52875,1795,31,56274,55125,1004,31,31372,55125,3288,187,617187,60375,2512,31,78491,60375,967904,596888,846892,20604,231408,0,277444,70860,96244,168,181200,70692,8,0,205536,132460,762368,464428,0,0,28,0,96320,7928,188,17252,12500,4752,728,900,0,0,0,483952,184304,245760,3180,131512,
1421976631643991,1008,62,63110,51375,1002,359,376953,56312,1805,31,56457,59687,1802,125,197021,59687,2510,31,78369,52875,1506,531,751953,52875,1803,31,56335,55125,1002,31,31372,55125,3291,171,565429,60375,2512,31,78491,60375,967904,526176,776116,20604,231416,0,348052,70792,166852,168,181200,70624,8,0,205536,116680,762368,409496,0,0,28,0,166840,7968,188,17268,12504,4764,768,1096,0,0,0,483952,263416,245760,3180,131512,
1421976633718974,1009,62,47363,51375,1006,343,345214,56312,1806,31,56335,59687,1802,93,168945,59687,2510,31,78491,52937,1503,500,752929,52875,1805,31,56335,55062,1004,31,31372,55125,3296,171,616210,60375,2512,31,78491,60375,967904,525620,775560,20604,231416,0,348464,70792,167264,168,181200,70624,8,0,205536,116620,762368,409000,0,0,28,0,167332,7968,188,17268,12504,4764,768,1096,0,0,0,483952,263416,245760,3180,131512,
1421976635791301,1008,62,47302,51375,1003,312,345703,56375,1805,31,56396,59687,1803,93,197021,59687,2520,31,78735,52937,1506,515,777343,52875,1802,31,56396,55125,1002,31,31433,55125,3295,203,668945,60375,2510,31,78369,60375,967904,525124,775064,20612,231416,0,349036,70800,167836,168,181200,70632,8,0,205536,116620,762368,408504,0,0,32,0,167848,7968,188,17252,12496,4756,768,1096,0,0,0,483952,263416,245760,3180,131512,
1421976637865380,1009,62,78857,51375,1002,390,407714,56312,1799,31,56274,59687,1803,109,196777,59687,2515,31,117919,52937,1506,500,751953,52875,1802,31,56396,55125,1001,31,31372,55125,3298,171,617187,60375,2510,31,78491,60375,967904,517248,767188,20612,231416,0,356848,70800,175648,168,181200,70632,8,0,205536,114820,762368,402428,0,0,32,0,175740,7968,188,17252,12496,4756,768,1112,0,0,0,483952,268476,245760,3180,131512,
1421976639946463,1007,78,63232,51375,1003,375,392089,56312,1806,46,56091,59687,1802,109,168701,59687,2518,46,117797,52875,1507,500,752929,52875,1795,31,56152,55125,1003,31,31372,55125,3291,218,719726,60375,2509,31,78369,60375,967904,507584,757592,20612,231516,0,366528,70868,185328,168,181200,70700,8,0,205536,112720,762368,394864,0,0,32,100,185292,7968,188,17244,12496,4748,768,1116,0,0,0,483952,272456,245760,3180,131512,
1421976642023841,1011,46,63232,51375,1004,390,391601,56312,1803,31,56396,59687,1801,93,197265,59687,2519,46,78735,52937,1505,500,753906,52875,1803,31,56396,55125,1003,31,31311,55125,3290,187,668945,60375,2510,31,78369,60375,967904,501300,751372,20612,231540,0,372800,70924,191600,168,181200,70756,8,0,205536,111280,762368,390020,0,0,56,0,191664,7968,188,17268,12504,4764,768,1140,0,0,0,483952,280408,245760,3180,131512,
1421976644107044,1008,62,63232,51375,1004,390,391601,56312,1798,31,56518,59687,1805,93,197509,59687,2510,31,195556,52937,1506,500,776367,52875,1803,31,56091,55125,1003,31,31372,55125,3294,203,668945,60375,2509,31,78613,60375,967904,496132,746220,20612,231560,0,377872,70944,196672,168,181200,70776,8,0,205536,110080,762368,386052,0,0,76,0,196740,7968,188,17264,12500,4764,768,1140,0,0,0,483952,280408,245760,3180,131512,
1421976646184349,1007,62,63110,51375,1004,390,407226,56312,1798,31,56396,59687,1801,125,225097,59687,2519,31,157226,52875,1506,515,776367,52875,1805,31,56396,55125,1003,31,31372,55187,3294,187,566406,60375,2512,31,78491,60375,967904,493824,743940,20620,231580,0,379944,70972,198744,168,181200,70804,8,0,205536,109540,762368,384284,0,0,104,0,198804,7968,188,17264,12500,4764,768,1140,0,0,0,483952,280408,245760,3180,131512,
1421976648287329,1009,78,63110,51312,1006,375,376464,56312,1805,31,56335,59625,1799,125,196777,59687,2516,31,78735,52875,1506,515,822265,52875,1802,31,56396,55062,1003,31,31372,55125,3290,203,617187,60375,2512,31,78613,60375,967904,492724,742852,20620,231612,0,381284,70984,200084,168,181200,70816,8,0,205536,109300,762368,383424,0,0,140,0,200112,7968,188,17256,12500,4756,768,1140,0,0,0,483952,280408,245760,3180,131512,
1421976650364136,1010,46,63232,51312,1002,390,392089,56312,1810,31,56213,59625,1802,109,168701,59687,2512,31,78735,52875,1506,500,751953,52875,1805,31,56457,55125,1004,31,31372,55125,3294,187,566406,60375,2512,31,78491,60375,967904,492384,742568,20620,231648,0,381488,71040,200288,168,181200,70872,8,0,205536,109300,762368,383084,0,0,176,0,200284,7968,188,17256,12500,4756,768,1140,0,0,0,483952,280408,245760,3180,131512,
1421976652445127,1008,62,47363,51312,1003,406,406250,56312,1808,31,56213,59625,1792,109,168945,59687,2516,46,78491,52937,1505,500,752929,52812,1798,31,56274,55125,1002,31,31372,55125,3292,203,617187,60375,2510,31,78491,60375,967904,491828,742032,20628,231668,0,382096,71068,200896,168,181200,70900,8,0,205536,109240,762368,382588,0,0,196,0,200904,7968,188,17244,12492,4752,768,1148,0,0,0,483952,284384,245760,3180,131512,
1421976654525620,1007,62,78857,51312,1004,390,391601,56312,1809,46,56518,59625,1794,125,197265,59687,2515,31,78735,52875,1503,500,753906,52812,1796,31,56396,55125,1003,31,31433,55125,3295,187,616210,60375,2515,31,78491,60375,967904,491184,741408,20628,231688,0,382708,71088,201508,168,181200,70920,8,0,205536,109000,762368,382184,0,0,216,0,201520,7968,188,17244,12492,4752,768,1148,0,0,0,483952,284384,245760,3180,131512,
1421976656628472,1010,46,78979,51312,1004,375,391601,56312,1798,31,56213,59687,1805,125,197265,59625,2509,31,78491,52875,1506,500,777343,52875,1803,31,56457,55125,1003,31,31372,55125,3295,218,668945,60437,2509,31,78613,60375,967904,489736,740008,20628,231736,0,384092,71132,202888,168,181204,70964,8,0,205536,108760,762368,380976,0,0,264,0,202872,7968,188,17244,12492,4752,768,1148,0,0,0,483952,284384,245760,3180,131512,
1421976658705481,1010,78,62988,51312,1002,390,391601,56312,1806,31,56457,59625,1805,93,168212,59625,2507,31,78613,52875,1507,515,752929,52812,1806,31,56335,55125,1004,31,31372,55125,3294,203,668945,60437,2512,31,78491,60375,967904,488568,738880,20636,231768,0,385172,71172,203968,168,181204,71004,8,0,205536,108460,762368,380108,0,0,300,0,204016,7968,188,17244,12492,4752,768,1148,0,0,0,483952,284384,245760,3180,131512,
1421976660786564,1003,46,78979,51312,1002,359,406250,56312,1808,31,56518,59625,1801,125,196289,59625,2512,78,196044,52875,1506,515,798828,52812,1803,31,56518,55125,1005,31,31372,55125,3294,203,566406,60375,2509,31,78613,60375,967904,488048,738388,20636,231796,0,385696,71200,204492,168,181204,71032,8,0,205536,108220,762368,379828,0,0,328,0,204492,7968,188,17244,12492,4752,768,1148,0,0,0,483952,284384,245760,3180,131512,
1421976662865251,1010,62,63232,51312,1003,390,423828,56312,1801,31,56213,59625,1802,93,197265,59625,2512,31,78735,52812,1507,515,776367,52812,1802,31,56213,55062,1001,31,31372,55062,3290,203,668945,60375,2508,31,78491,60375,967904,487956,738316,20636,231816,0,385832,71220,204628,168,181204,71052,8,0,205536,108220,762368,379736,0,0,348,0,204612,7968,188,17244,12492,4752,768,1148,0,0,0,483952,284384,245760,3180,131512,
1421976664947348,1009,62,47363,51375,1004,375,391601,56312,1802,31,56396,59625,1801,109,168945,59687,2512,31,78735,52875,1505,515,777343,52812,1808,31,56213,55125,1003,31,31372,55062,3296,187,668945,60375,2512,31,78613,60375,967904,487832,738224,20644,231844,0,385884,71252,204680,168,181204,71084,8,0,205536,108220,762368,379612,0,0,376,0,204696,7968,188,17244,12492,4752,768,1148,0,0,0,483952,284384,245760,3180,131512,
1421976667024855,1013,62,62988,51375,1004,406,407714,56312,1808,31,56335,59625,1798,109,197265,59687,2509,31,117797,52875,1504,500,752929,52875,1803,31,56396,55125,1003,31,31433,55125,3291,187,618164,60375,2516,31,78613,60375,967904,487708,738120,20644,231860,0,386064,71272,204860,168,181204,71104,8,0,205536,108220,762368,379488,0,0,392,0,204856,7968,188,17248,12492,4756,768,1148,0,0,0,483952,284384,245760,3180,131512,
1421976669117034,1009,62,63232,51375,1002,390,375976,56312,1805,31,56213,59625,1805,125,197021,59687,2510,46,78247,52812,1507,515,776367,52875,1808,31,56335,55125,1004,31,31372,55125,3291,203,667968,60375,2512,31,78491,60375,967904,487648,738064,20652,231868,0,386128,71276,204924,168,181204,71108,8,0,205536,108160,762368,379488,0,0,408,0,204904,7968,188,17252,12492,4760,768,1148,0,0,0,483952,284384,245760,3180,131512,
1421976671205748,1009,62,63232,51375,1004,375,375976,56312,1806,31,56396,59625,1798,109,196533,59687,2515,31,78735,52875,1506,500,776367,52875,1803,31,56335,55125,1004,31,31372,55125,3291,218,668945,60375,2508,31,78613,60375,967904,487580,738028,20652,231880,0,386188,71300,204984,168,181204,71132,8,0,205536,108100,762368,379480,0,0,28,32,204964,7968,188,17268,12500,4768,768,1148,0,0,0,483952,284384,245760,3180,131512,
1421976673284398,1010,78,63232,51312,1001,390,391601,56312,1805,31,56335,59625,1796,125,225341,59625,2518,62,118041,52875,1505,484,752929,52875,1798,31,56152,55125,1003,31,31372,55125,3294,203,617187,60375,2513,31,78369,60375,967904,487580,738028,20652,231900,0,386196,71300,204992,168,181204,71132,8,0,205536,108100,762368,379480,0,0,48,0,204984,7968,188,17272,12500,4772,768,1148,0,0,0,483952,284384,245760,3180,131512,
1421976675362532,1012,62,63232,51312,1001,406,407226,56312,1805,31,56152,59625,1799,109,168945,59687,2509,93,195800,52937,1509,515,752929,52875,1803,31,56213,55125,1004,31,31372,55125,3294,203,668945,60375,2509,31,78491,60375,967904,487588,738044,20660,231916,0,386244,71308,205040,168,181204,71140,8,0,205536,108100,762368,379488,0,0,64,0,205020,7968,188,17260,12500,4760,768,1148,0,0,0,483952,284384,245760,3180,131512,
1421976677457182,1009,62,78979,51312,1004,406,408203,56250,1808,31,56396,59625,1799,109,197265,59687,2518,31,78613,52875,1506,515,753906,52812,1802,31,56335,55125,1002,31,31433,55125,3294,203,566406,60375,2510,31,78369,60375,967904,487464,737920,20660,231932,0,386312,71308,205108,168,181204,71140,8,0,205536,108100,762368,379364,0,0,80,0,205088,7968,188,17260,12500,4760,768,1148,0,0,0,483952,284384,245760,3180,131512,
1421976679567111,1011,62,63110,51312,1000,390,391601,56312,1808,31,56457,59625,1801,93,196533,59625,2518,31,78735,52875,1504,500,752929,52875,1803,31,56213,55125,1004,31,31372,55125,3294,203,514648,60375,2512,31,78613,60375,967904,487432,737940,20668,231936,0,386312,71364,205108,168,181204,71196,8,0,205536,108100,762368,379332,0,0,92,0,205088,7968,188,17260,12496,4764,768,1148,0,0,0,483952,284384,245760,3180,131512,
1421976681654829,1012,78,78979,51312,1002,406,391601,56312,1803,31,56457,59625,1799,109,196289,59625,2515,31,78491,52875,1503,515,753906,52875,1805,31,56335,55125,1000,31,31433,55125,3296,187,667968,60312,2512,31,78369,60375,967904,487404,737936,20668,231952,0,386380,71388,205176,168,181204,71220,8,0,205536,108040,762368,379364,0,0,84,0,205156,7968,188,17264,12496,4768,768,1148,0,0,0,483952,284384,245760,3180,131512,
1421976683731839,1009,62,62988,51312,1004,390,407714,56250,1799,31,56213,59625,1799,109,168701,59625,2509,46,78369,52875,1506,500,753906,52875,1802,31,56274,55125,1002,31,31372,55125,3290,171,566406,60375,2510,31,78369,60312,967904,487344,737880,20668,231960,0,386412,71396,205208,168,181204,71228,8,0,205536,107980,762368,379364,0,0,92,0,205188,7968,188,17256,12492,4764,768,1148,0,0,0,483952,284384,245760,3180,131512,
1421976685807282,1011,62,63232,51250,1004,375,376464,56250,1805,31,56518,59625,1801,109,168945,59625,2516,31,78735,52875,1504,500,752929,52875,1806,31,56335,55125,1003,31,31372,55125,3292,187,668945,60375,2509,31,78613,60375,967904,487056,737612,20676,231964,0,386432,71408,205228,168,181204,71240,8,0,205536,107980,762368,379076,0,0,100,0,205224,7968,188,17272,12500,4772,768,1148,0,0,0,483952,284384,245760,3180,131512,
1421976687886964,1012,62,62988,51250,1003,375,391601,56250,1799,31,56396,59625,1803,109,196777,59625,2516,31,78613,52875,1503,500,752929,52875,1795,31,56396,55125,1005,31,31372,55062,3287,187,565429,60375,2513,31,78369,60375,967904,486964,737668,20676,232112,0,386548,71556,205344,168,181204,71388,8,0,205536,107980,762368,378984,0,0,248,0,205348,7968,188,17272,12500,4772,768,1148,0,0,0,483952,284384,245760,3180,131512,
1421976689966609,1006,46,47424,51312,1001,375,392089,56250,1806,31,56396,59625,1792,93,168945,59625,2516,31,78735,52875,1506,500,752929,52812,1798,31,56457,55125,1004,31,31433,55062,3290,171,668945,60375,2513,31,78613,60375,967904,486904,737608,20676,232112,0,386548,71556,205344,168,181204,71388,8,0,205536,107920,762368,378984,0,0,248,0,205348,7968,188,17272,12500,4772,768,1148,0,0,0,483952,284384,245760,3180,131512,
1421976692046366,1007,62,47119,51312,1005,390,376953,56250,1805,31,56457,59625,1799,125,197265,59625,2516,31,78613,52875,1506,500,730468,52812,1803,31,56396,55062,1004,31,31372,55062,3291,203,617187,60375,2515,31,78491,60375,967904,486844,737580,20684,232176,0,386572,71588,205368,168,181204,71420,8,0,205536,107860,762368,378984,0,0,36,0,205348,7968,188,17276,12500,4776,768,1148,0,0,0,483952,284384,245760,3180,131512,
1421976694126693,1009,62,78979,51250,1002,375,376464,56250,1805,31,84472,59625,1798,109,168945,59625,2518,31,78613,52875,1506,500,776367,52875,1801,31,56457,55062,1003,31,31372,55125,3288,203,668945,60375,2510,31,78613,60375,967904,486844,737580,20684,232184,0,386572,71588,205368,168,181204,71420,8,0,205536,107860,762368,378984,0,0,44,0,205348,7968,188,17276,12500,4776,768,1148,0,0,0,483952,284384,245760,3180,131512,
1421976696202025,1010,78,63110,51312,1004,375,376464,56250,1799,31,56396,59625,1802,93,168945,59625,2516,31,78613,52875,1507,484,729492,52875,1803,31,56396,55062,1003,31,31311,55125,3295,203,618164,60375,2510,31,78613,60375,967904,486720,737512,20692,232208,0,386576,71644,205372,168,181204,71476,8,0,205536,107860,762368,378860,0,0,76,0,205352,7968,188,17276,12500,4776,768,1148,0,0,0,483952,284384,245760,3180,131512,
1421976698276583,1009,78,94726,51312,1003,390,390625,56250,1802,31,56396,59625,1798,125,168701,59625,2518,46,78613,52875,1507,500,776367,52812,1801,31,56152,55062,1005,31,31372,55062,3296,171,617187,60375,2508,31,78613,60375,967904,486704,737548,20692,232272,0,386548,71700,205344,168,181204,71532,8,0,205536,107860,762368,378844,0,0,148,0,205324,7968,188,17264,12496,4768,760,1148,0,0,0,483952,284384,245760,3180,131512,
1421976700354735,1009,78,78979,51312,1000,375,406738,56312,1803,31,84472,59625,1799,93,168945,59625,2513,31,78491,52875,1508,500,752929,52875,1805,31,56274,55062,1004,31,31372,55125,3294,187,617187,60375,2513,31,78491,60375,967904,486736,737628,20692,232316,0,386564,71744,205356,168,181208,71576,8,0,205536,107860,762368,378876,0,0,192,0,205336,7968,188,17264,12496,4768,760,1148,0,0,0,483952,284384,245760,3180,131512,
1421976702478729,1010,78,62988,51312,1003,406,392089,56250,1799,46,56457,59625,1799,93,197509,59687,2509,46,78369,52875,1505,500,752929,52875,1803,31,56396,55125,1002,31,31433,55125,3295,187,618164,60375,2515,31,78491,60375,967904,486612,737612,20700,232408,0,386564,71856,205356,168,181208,71688,8,0,205536,107860,762368,378752,0,0,288,0,205336,7968,188,17256,12492,4764,760,1148,0,0,0,483952,284384,245760,3180,131512,
1421976704557434,1010,62,63232,51312,1004,421,407714,56312,1805,31,56457,59625,1795,109,224121,59687,2512,31,78735,52875,1506,515,752929,52875,1805,31,56152,55125,1002,31,31372,55125,3284,187,668945,60375,2510,31,78491,60375,967904,486612,737612,20700,232408,0,386576,71856,205368,168,181208,71688,8,0,205536,107860,762368,378752,0,0,288,0,205348,7968,188,17256,12492,4764,760,1148,0,0,0,483952,284384,245760,3180,131512,
1421976706633891,1007,78,47302,51312,1003,375,392089,56312,1806,46,56396,59625,1805,109,225585,59687,2512,31,118164,52875,1506,531,776367,52875,1805,31,56335,55125,1002,31,31311,55125,3292,203,668945,60375,2513,31,78613,60375,967904,486448,737512,20700,232484,0,386580,71912,205372,168,181208,71744,8,0,205536,107860,762368,378588,0,0,12,0,205352,7968,188,17268,12500,4768,760,1148,0,0,0,483952,284384,245760,3180,131512,
1421976708717241,1009,62,62988,51312,1001,375,375976,56250,1802,31,56457,59625,1802,109,197265,59687,2516,46,78491,52875,1507,500,752929,52812,1806,31,56335,55125,1003,31,31311,55125,3291,203,618164,60375,2512,31,78491,60312,967904,486480,737600,20708,232536,0,386580,71968,205372,168,181208,71800,8,0,205536,107860,762368,378620,0,0,84,0,205352,7968,188,17268,12500,4768,760,1148,0,0,0,483952,284384,245760,3180,131512,
1421976710817198,1009,62,63232,51312,1003,390,375488,56312,1803,31,56335,59687,1802,93,168701,59687,2516,46,78613,52937,1505,515,824218,52875,1801,31,56152,55125,1003,31,31372,55125,3292,203,616210,60375,2509,31,78613,60375,967904,486356,737532,20708,232580,0,386580,72024,205372,168,181208,71856,8,0,205536,107860,762368,378496,0,0,128,0,205352,7968,188,17268,12500,4768,760,1148,0,0,0,483952,284384,245760,3180,131512,
1421976712897434,1007,62,78979,51312,1001,390,390625,56250,1796,31,56396,59687,1799,93,168212,59687,2520,31,78735,52875,1504,500,752929,52875,1802,31,56396,55125,1004,31,31372,55125,3296,187,566406,60375,2510,31,78491,60375,967904,486356,737588,20708,232624,0,386580,72080,205372,168,181208,71912,8,0,205536,107860,762368,378496,0,0,172,0,205352,7968,188,17268,12500,4768,760,1148,0,0,0,483952,284384,245760,3180,131512,
1421976714974701,1009,62,63110,51312,1002,375,375488,56312,1803,31,84716,59625,1802,109,225097,59687,2518,31,78735,52875,1505,500,752929,52875,1801,31,56396,55125,1004,31,31433,55125,3292,187,618164,60375,2513,31,78613,60375,967904,486364,737596,20716,232656,0,386580,72080,205372,168,181208,71912,8,0,205536,107860,762368,378504,0,0,212,0,205352,7968,188,17260,12500,4760,760,1148,0,0,0,483952,284384,245760,3180,131512,
1421976717059987,1010,62,78857,51312,1003,390,407714,56312,1802,31,84594,59625,1802,109,197265,59687,2520,31,78735,52875,1507,531,847656,52812,1806,31,56396,55125,1004,31,31433,55125,3294,203,668945,60375,2515,31,78491,60375,967904,486240,737584,20716,232716,0,386580,72192,205372,168,181208,72024,8,0,205536,107860,762368,378380,0,0,264,0,205352,7968,188,17260,12500,4760,760,1148,0,0,0,483952,284384,245760,3180,131512,
1421976719136978,1010,62,78735,51375,1003,375,376464,56312,1802,31,56274,59687,1802,93,197021,59687,2515,31,157470,52937,1504,500,752929,52875,1803,31,56335,55187,1004,31,31372,55125,3294,203,617187,60375,2515,31,78491,60375,967904,486240,737576,20716,232752,0,386580,72192,205372,168,181208,72024,8,0,205536,107860,762368,378380,0,0,300,0,205352,7968,188,17252,12492,4760,760,1148,0,0,0,483952,284384,245760,3180,131512,
1421976721224734,1010,78,94848,51312,1002,406,423339,56312,1798,31,56335,59687,1802,109,168701,59687,2520,31,78735,52937,1507,500,752929,52875,1803,31,56396,55187,1002,31,31372,55187,3295,187,668945,60375,2508,31,78613,60375,967904,486084,737420,20724,232752,0,386580,72192,205372,168,181208,72024,8,0,205536,107860,762368,378224,0,0,308,0,205352,7968,188,17256,12492,4764,760,1148,0,0,0,483952,284384,245760,3180,131512,
1421976723311586,1009,78,78857,51312,1002,390,392089,56312,1805,31,56457,59687,1801,109,197265,59687,2518,78,157226,52875,1505,484,752929,52875,1799,31,56396,55187,1004,31,31372,55187,3288,203,617187,60375,2509,31,78369,60375,967904,486116,737564,20724,232840,0,386580,72304,205372,168,181208,72136,8,0,205536,107860,762368,378256,0,0,388,0,205352,7968,188,17252,12492,4760,760,1148,0,0,0,483952,284384,245760,3180,131512,
1421976725398567,1009,62,63110,51312,1002,406,407714,56312,1805,31,56396,59687,1799,93,169433,59687,2510,31,157470,52875,1505,500,777343,52875,1803,31,56396,55187,1004,31,31372,55187,3291,187,669921,60375,2512,31,78491,60375,967904,486116,737620,20724,232888,0,386580,72360,205372,168,181208,72192,8,0,205536,107860,762368,378256,0,0,436,0,205352,7968,188,17248,12492,4756,760,1148,0,0,0,483952,284384,245760,3180,131512,
1421976727495097,1009,46,62988,51312,1003,375,392578,56312,1806,31,56152,59687,1799,93,197265,59687,2516,31,78613,52875,1508,515,775390,52875,1803,31,56274,55125,1001,31,31372,55125,3291,187,565429,60375,2512,31,78369,60375,967904,486116,737676,20732,232932,0,386580,72416,205372,168,181208,72248,8,0,205536,107860,762368,378256,0,0,480,0,205352,7968,188,17248,12492,4756,760,1148,0,0,0,483952,284384,245760,3180,131512,
1421976729587294,1010,46,62988,51312,1005,375,391113,56312,1798,31,56396,59687,1802,125,169189,59687,2518,31,118164,52875,1508,500,753906,52875,1796,31,56274,55125,1004,31,31433,55125,3294,171,618164,60375,2513,31,78491,60375,967904,486116,737676,20732,232936,0,386580,72416,205372,168,181208,72248,8,0,205536,107860,762368,378256,0,0,484,0,205352,7968,188,17244,12492,4752,760,1148,0,0,0,483952,284384,245760,3180,131512,
1421976731680340,1006,46,47363,51312,1004,406,407714,56312,1805,31,56396,59625,1802,93,196044,59687,2513,31,78613,52875,1506,484,752929,52875,1806,31,56152,55125,1004,31,31372,55125,3290,171,616210,60375,2510,31,78613,60312,967904,485996,737612,20740,233016,0,386580,72472,205372,168,181208,72304,8,0,205536,107740,762368,378256,0,0,572,0,205352,7968,188,17244,12492,4752,760,1148,0,0,0,483952,284384,245760,3180,131512,
1421976733756944,1009,78,62988,51312,1001,375,376953,56312,1806,46,56396,59625,1794,93,168945,59687,2513,31,78491,52875,1506,500,752929,52875,1805,31,56274,55125,1001,31,31372,55125,3292,187,617187,60375,2509,31,78613,60375,967904,485996,737668,20740,233032,0,386580,72528,205372,168,181208,72360,8,0,205536,107740,762368,378256,0,0,580,0,205352,7968,188,17244,12492,4752,760,1148,0,0,0,483952,284384,245760,3180,131512,
1421976735835465,1012,46,63110,51312,1004,390,360351,56312,1805,31,56396,59625,1801,109,197509,59625,2516,31,118164,52875,1501,515,776367,52875,1801,31,56396,55125,1004,31,31311,55125,3295,203,772460,60375,2510,31,78613,60375,967904,485872,737544,20740,233080,0,386580,72528,205372,168,181208,72360,8,0,205536,107740,762368,378132,0,0,24,604,205352,7968,188,17252,12492,4760,760,1148,0,0,0,483952,284384,245760,3180,131512,
1421976737928123,1008,78,94726,51312,1001,406,407714,56312,1806,31,56335,59625,1796,109,168457,59625,2520,31,117919,52875,1505,500,776367,52812,1802,31,56457,55125,1003,31,31372,55125,3294,187,668945,60375,2510,31,78491,60375,967904,485864,737600,20748,233120,0,386584,72580,205372,168,181212,72412,8,0,205536,107740,762368,378124,0,0,68,0,205352,7968,188,17268,12500,4768,760,1148,0,0,0,483952,284384,245760,3180,131512,
1421976740007787,1008,78,63232,51312,1004,390,375000,56312,1806,31,56396,59625,1805,93,197265,59625,2518,46,157470,52875,1507,484,752929,52875,1802,31,56213,55125,1002,31,31372,55125,3292,187,669921,60375,2509,31,78369,60375,967904,485708,737500,20748,233180,0,386584,72636,205372,168,181212,72468,8,0,205536,107740,762368,377968,0,0,124,0,205352,7968,188,17272,12500,4772,760,1148,0,0,0,483952,284384,245760,3180,131512,
1421976742084630,1009,78,63232,51312,1001,375,390625,56312,1805,31,56396,59625,1799,109,169189,59687,2516,31,78735,52875,1507,500,752929,52812,1802,31,56396,55125,1004,31,31372,55125,3294,203,617187,60375,2510,31,78491,60375,967904,485748,737600,20748,233232,0,386588,72692,205372,168,181216,72524,8,0,205536,107740,762368,378008,0,0,156,0,205352,7968,188,17264,12500,4764,760,1148,0,0,0,483952,284384,245760,3180,131512,
1421976744167041,1010,78,63232,51312,1000,375,392578,56312,1796,31,56396,59625,1805,93,168457,59687,2518,46,118164,52875,1506,500,776367,52875,1803,31,56274,55125,1004,31,31311,55125,3290,187,566406,60375,2508,31,78613,60375,967904,485624,737476,20756,233240,0,386588,72692,205372,168,181216,72524,8,0,205536,107740,762368,377884,0,0,172,0,205352,7968,188,17264,12500,4764,760,1148,0,0,0,483952,284384,245760,3180,131512,
1421976746254465,1010,78,78857,51312,1002,375,392089,56312,1808,31,56274,59625,1801,125,168945,59687,2518,31,78735,52875,1507,500,752929,52812,1801,31,56396,55125,1003,31,31433,55187,3292,218,668945,60375,2510,31,78735,60375,967904,485592,737564,20756,233320,0,386588,72812,205372,168,181216,72644,8,0,205536,107740,762368,377852,0,0,252,0,205352,7968,188,17264,12500,4764,760,1148,0,0,0,483952,284384,245760,3180,131512,
1421976748337225,1009,62,47180,51312,1005,375,376464,56312,1802,31,56213,59625,1796,93,168701,59687,2518,62,78735,52875,1506,500,778320,52812,1803,31,56396,55125,1004,31,31372,55125,3294,171,617187,60437,2513,31,78369,60375,967904,485624,737596,20756,233328,0,386588,72812,205372,168,181216,72644,8,0,205536,107740,762368,377884,0,0,260,0,205352,7968,188,17264,12500,4764,760,1148,0,0,0,483952,284384,245760,3180,131512,
1421976750414585,1009,62,63232,51312,1004,375,361328,56312,1806,31,56396,59625,1803,93,168212,59687,2508,31,78491,52812,1504,500,777343,52875,1803,31,56396,55062,1003,31,31433,55125,3291,187,618164,60375,2512,31,78491,60375,967904,485624,737652,20764,233384,0,386588,72876,205372,168,181216,72708,8,0,205536,107740,762368,377884,0,0,316,0,205352,7968,188,17260,12492,4768,760,1148,0,0,0,483952,284384,245760,3180,131512,
1421976752490175,1010,78,63110,51312,1000,265,282714,56312,1796,31,56213,59625,1802,93,169189,59687,2520,31,78735,52875,1505,500,752929,52875,1803,31,56396,55125,1004,31,31372,55125,3292,187,566406,60375,2510,31,78613,60375,967904,630068,882148,20764,233396,0,241724,72916,60508,168,181216,72748,8,0,205536,139840,762368,490228,0,0,20,0,60488,7008,188,17300,12504,4796,720,792,0,0,0,483952,78152,245760,3180,131512,
1421976754563443,1010,62,63232,51312,1005,296,282714,56312,1806,31,56396,59625,1803,93,169189,59625,2518,46,78735,52875,1506,515,776367,52812,1801,31,56335,55125,1003,31,31372,55125,3294,171,565429,60375,2509,31,78491,60375,967904,630084,882164,20772,233392,0,241724,72916,60508,168,181216,72748,8,0,205536,139840,762368,490244,0,0,20,0,60488,7008,188,17300,12504,4796,720,788,0,0,0,483952,78152,245760,3180,131512,
1421976756636637,1009,62,78857,51312,1003,265,282226,56312,1799,31,84594,59625,1801,93,168701,59687,2519,46,157470,52812,1508,515,776367,52812,1803,31,56335,55125,1003,31,31372,55125,3294,203,667968,60375,2513,31,78369,60312,967904,630116,882200,20772,233396,0,241724,72920,60508,168,181216,72752,8,0,205536,139840,762368,490276,0,0,36,0,60488,7008,188,17300,12504,4796,720,788,0,0,0,483952,78152,245760,3180,131512,
1421976758710955,1007,78,63232,51312,1003,281,282714,56312,1805,31,56457,59625,1795,109,169189,59687,2520,31,78613,52875,1508,515,799804,52812,1802,31,56396,55125,1004,31,31433,55125,3292,203,617187,60375,2516,31,78613,60375,967904,630124,882208,20772,233396,0,241724,72920,60508,168,181216,72752,8,0,205536,139840,762368,490284,0,0,36,0,60488,7008,188,17280,12504,4776,720,788,0,0,0,483952,78152,245760,3180,131512,
1421976760783671,1010,62,63232,51312,1005,281,282714,56312,1810,31,56457,59687,1802,125,196289,59687,2509,31,78369,52812,1506,515,776367,52812,1799,31,56213,55125,1002,31,31311,55125,3295,203,617187,60375,2508,31,78491,60375,967904,630124,882208,20772,233396,0,241724,72920,60508,168,181216,72752,8,0,205536,139840,762368,490284,0,0,36,0,60488,7008,188,17280,12504,4776,720,788,0,0,0,483952,78152,245760,3180,131512,
1421976762872956,1010,62,63232,51375,1002,281,282226,56312,1802,31,56457,59687,1795,109,168945,59687,2509,31,78491,52875,1505,515,777343,52812,1803,31,56396,55062,1003,31,31372,55062,3291,171,617187,60375,2510,31,78491,60375,967904,630092,882164,20772,233396,0,241724,72920,60508,168,181216,72752,8,0,205536,139840,762368,490252,0,0,36,0,60488,7008,188,17260,12492,4768,720,788,0,0,0,483952,78152,245760,3180,131512,
1421976764945025,1007,62,63110,51312,1002,281,281738,56312,1803,31,84716,59687,1801,93,169189,59687,2509,31,78491,52875,1507,515,752929,52875,1805,31,56396,55125,1003,31,31372,55125,3285,187,617187,60375,2512,31,78613,60312,967904,630124,882196,20772,233396,0,241724,72920,60508,168,181216,72752,8,0,205536,139840,762368,490284,0,0,36,0,60488,7008,188,17260,12492,4768,720,788,0,0,0,483952,78152,245760,3180,131512,
1421976767016340,1010,62,62866,51312,1000,265,298828,56312,1803,31,56396,59687,1795,93,197265,59687,2518,46,118164,52812,1504,515,776367,52875,1802,31,56213,55062,1004,31,31372,55062,3291,171,721679,60375,2513,31,78491,60375,967904,630248,882316,20772,233396,0,241724,72920,60508,168,181216,72752,8,0,205536,139840,762368,490408,0,0,36,0,60488,7008,188,17248,12488,4760,720,788,0,0,0,483952,78152,245760,3180,131512,
1421976769088852,1007,78,78735,51312,1005,296,283203,56312,1803,31,56152,59687,1801,109,168945,59687,2518,31,78735,52812,1504,531,753906,52812,1803,31,56335,55125,1003,31,31372,55125,3299,187,618164,60375,2513,31,78369,60375,967904,630248,882316,20772,233396,0,241724,72920,60508,168,181216,72752,8,0,205536,139840,762368,490408,0,0,36,0,60488,7008,188,17248,12488,4760,720,788,0,0,0,483952,78152,245760,3180,131512,
1421976771161309,1010,62,62866,51312,1002,281,297851,56312,1798,31,56457,59687,1795,93,196777,59687,2519,31,78613,52812,1507,515,776367,52812,1801,31,56274,55125,1003,31,31372,55125,3294,171,668945,60375,2508,31,78369,60375,967904,630248,882316,20772,233396,0,241724,72920,60508,168,181216,72752,8,0,205536,139840,762368,490408,0,0,36,0,60488,7008,188,17248,12488,4760,720,788,0,0,0,483952,78152,245760,3180,131512,
1421976773232880,1004,78,63110,51375,1004,265,282226,56375,1805,31,56396,59625,1802,109,168457,59687,2518,62,118041,52875,1506,500,752929,52875,1805,31,56396,55125,1004,31,31311,55125,3292,187,668945,60375,2512,31,78369,60375,967904,630240,882320,20772,233396,0,241724,72920,60508,168,181216,72752,8,0,205536,139840,762368,490400,0,0,24,0,60488,7008,188,17268,12500,4768,720,788,0,0,0,483952,78152,245760,3180,131512,
1421976775305393,1010,62,63232,51375,1001,281,281738,56375,1803,31,56457,59687,1801,93,168701,59687,2515,31,78735,52875,1506,500,752929,52812,1802,31,56274,55125,1004,31,31372,55125,3296,203,617187,60375,2512,31,78491,60375,967904,630240,882320,20772,233396,0,241724,72920,60508,168,181216,72752,8,0,205536,139840,762368,490400,0,0,24,0,60488,7008,188,17268,12500,4768,720,788,0,0,0,483952,78152,245760,3180,131512,
1421976777377997,1010,62,78857,51375,1004,281,282714,56375,1799,31,56213,59687,1805,93,197021,59687,2518,31,78613,52875,1506,500,776367,52875,1801,31,56335,55125,1004,31,31433,55125,3295,187,617187,60375,2512,31,78491,60375,967904,630208,882292,20780,233396,0,241724,72924,60508,168,181216,72756,8,0,205536,139840,762368,490368,0,0,12,0,60488,7008,188,17268,12500,4768,720,788,0,0,0,483952,78152,245760,3180,131512,
1421976779450048,1011,78,63232,51375,1004,296,281738,56375,1796,31,56396,59687,1801,93,196777,59687,2515,31,78735,52875,1505,531,776367,52875,1806,31,56396,55125,1001,31,31433,55125,3291,187,719726,60375,2507,31,78613,60375,967904,630248,882332,20780,233396,0,241724,72924,60508,168,181216,72756,8,0,205536,139840,762368,490408,0,0,12,0,60488,7008,188,17260,12500,4760,720,788,0,0,0,483952,78152,245760,3180,131512,
1421976781521952,1011,62,47363,51375,1002,296,281738,56375,1802,31,56396,59687,1805,109,197021,59687,2507,31,78369,52875,1507,515,776367,52875,1801,31,56152,55125,1002,31,31372,55125,3291,218,668945,60375,2515,31,78613,60375,967904,630248,882328,20780,233404,0,241724,72924,60508,168,181216,72756,8,0,205536,139840,762368,490408,0,0,24,0,60488,7008,188,17252,12496,4756,720,788,0,0,0,483952,78152,245760,3180,131512,
1421976783594556,1011,62,78979,51375,1001,281,282226,56375,1803,31,56335,59687,1805,125,197509,59750,2513,31,78735,52937,1506,515,776367,52875,1801,31,56396,55125,1004,31,31433,55125,3292,203,668945,60375,2513,31,78491,60375,967904,630248,882328,20780,233404,0,241724,72924,60508,168,181216,72756,8,0,205536,139840,762368,490408,0,0,24,0,60488,7008,188,17252,12496,4756,720,788,0,0,0,483952,78152,245760,3180,131512,
1421976785673280,1009,78,63110,51375,1004,281,282226,56375,1799,31,56396,59687,1802,93,197021,59687,2513,31,78613,52875,1507,500,776367,52875,1798,31,56335,55125,1004,31,31372,55187,3294,187,617187,60375,2512,31,78491,60375,967904,630248,882328,20788,233400,0,241724,72928,60508,168,181216,72760,8,0,205536,139840,762368,490408,0,0,24,0,60488,7008,188,17252,12492,4760,720,788,0,0,0,483952,78152,245760,3180,131512,
1421976787746198,1012,62,63232,51375,1002,281,298339,56375,1805,31,56274,59687,1801,93,168701,59687,2518,31,78613,52937,1507,515,799804,52875,1801,31,56396,55125,1004,31,31433,55125,3290,171,565429,60375,2509,31,78613,60375,967904,630248,882328,20788,233404,0,241724,72928,60508,168,181216,72760,8,0,205536,139840,762368,490408,0,0,24,0,60492,7008,188,17252,12492,4760,720,788,0,0,0,483952,78152,245760,3180,131512,
1421976789818489,1011,62,63232,51375,1006,281,281738,56375,1805,31,56457,59687,1801,93,197265,59687,2516,31,118164,52875,1507,515,776367,52812,1808,31,56213,55125,1003,31,31433,55125,3295,218,617187,60375,2513,31,78613,60375,967904,630248,882328,20788,233404,0,241724,72928,60508,168,181216,72760,8,0,205536,139840,762368,490408,0,0,24,0,60488,7008,188,17252,12492,4760,720,788,0,0,0,483952,78152,245760,3180,131512,
1421976791891609,1012,62,78857,51375,1004,296,282226,56375,1809,31,56457,59687,1798,93,168945,59687,2504,46,195800,52875,1506,500,777343,52875,1802,31,56396,55125,1002,31,31372,55062,3292,171,618164,60375,2510,31,78369,60375,967904,630248,882328,20788,233404,0,241724,72928,60508,168,181216,72760,8,0,205536,139840,762368,490408,0,0,24,0,60488,7008,188,17252,12492,4760,720,788,0,0,0,483952,78152,245760,3180,131512,
1421976793964840,1009,78,63232,51375,1002,281,282226,56312,1802,31,56457,59687,1803,93,168945,59687,2519,31,78735,52812,1506,500,776367,52812,1805,31,56396,55125,1002,31,31372,55062,3296,171,566406,60375,2512,31,78491,60375,967904,630248,882324,20788,233404,0,241724,72928,60508,168,181216,72760,8,0,205536,139840,762368,490408,0,0,24,0,60488,7008,188,17244,12488,4756,720,788,0,0,0,483952,78152,245760,3180,131512,
1421976796037481,1009,62,78735,51375,1003,281,297851,56312,1803,31,56518,59687,1792,109,197021,59687,2510,46,78613,52875,1506,515,800781,52812,1801,31,56213,55062,1002,31,31433,55125,3292,187,618164,60312,2508,31,78613,60312,967904,630248,882324,20788,233404,0,241724,72928,60508,168,181216,72760,8,0,205536,139840,762368,490408,0,0,24,0,60488,7008,188,17248,12488,4760,720,788,0,0,0,483952,78152,245760,3180,131512,
1421976798110620,1009,62,63232,51312,1002,281,281250,56312,1802,31,56396,59625,1801,109,169189,59687,2513,31,78735,52875,1504,515,752929,52875,1803,31,56213,55062,1004,31,31372,55062,3295,187,668945,60375,2512,31,78613,60312,967904,630248,882324,20788,233404,0,241724,72928,60508,168,181216,72760,8,0,205536,139840,762368,490408,0,0,24,0,60488,7008,188,17248,12488,4760,720,788,0,0,0,483952,78152,245760,3180,131512,
1421976800183187,1005,78,94726,51375,1001,265,282226,56312,1798,31,56396,59625,1802,93,197021,59687,2519,62,118164,52875,1506,515,776367,52812,1802,31,56335,55125,1004,31,31372,55125,3295,203,668945,60312,2510,31,78247,60375,967904,630248,882324,20788,233404,0,241724,72928,60508,168,181216,72760,8,0,205536,139840,762368,490408,0,0,24,0,60488,7008,188,17248,12488,4760,720,788,0,0,0,483952,78152,245760,3180,131512,
1421976802257285,1010,62,47363,51375,1001,281,282226,56312,1802,31,56396,59687,1798,109,168457,59687,2519,31,78613,52875,1505,515,776367,52812,1802,31,56335,55125,1003,31,31372,55125,3290,171,618164,60312,2509,31,78491,60312,967904,630216,882292,20788,233404,0,241724,72928,60508,168,181216,72760,8,0,205536,139840,762368,490376,0,0,24,0,60488,7008,188,17248,12488,4760,720,788,0,0,0,483952,78152,245760,3180,131512,
1421976804330589,1007,78,79101,51375,1003,281,282714,56312,1808,31,56091,59687,1792,93,197021,59687,2508,31,117431,52875,1507,515,776367,52812,1801,31,56396,55062,1005,31,31372,55125,3288,203,668945,60312,2512,31,78369,60312,967904,630248,882324,20788,233404,0,241724,72928,60508,168,181216,72760,8,0,205536,139840,762368,490408,0,0,24,0,60488,7008,188,17248,12488,4760,720,788,0,0,0,483952,78152,245760,3180,131512,
1421976806403913,1010,46,62866,51312,1004,296,297851,56312,1805,31,56396,59687,1799,93,225341,59687,2519,31,78613,52875,1505,500,776367,52812,1801,31,56152,55125,1003,31,31433,55125,3292,187,617187,60312,2512,31,78491,60312,967904,630248,882324,20788,233404,0,241724,72928,60508,168,181216,72760,8,0,205536,139840,762368,490408,0,0,24,0,60488,7008,188,17244,12488,4756,720,788,0,0,0,483952,78152,245760,3180,131512,
1421976808483669,1009,78,78979,51312,1002,281,298828,56312,1805,31,84594,59687,1801,78,168945,59687,2512,31,78735,52875,1506,515,777343,52875,1803,31,56396,55062,1004,31,31311,55125,3295,203,617187,60312,2512,31,78491,60312,967904,630248,882324,20788,233404,0,241724,72928,60508,168,181216,72760,8,0,205536,139840,762368,490408,0,0,24,0,60488,7008,188,17244,12488,4756,720,788,0,0,0,483952,78152,245760,3180,131512,
1421976810556789,1012,62,47424,51312,1004,281,282714,56312,1808,31,56457,59687,1803,109,225097,59687,2520,46,196777,52875,1507,515,753906,52875,1802,31,56274,55125,1004,31,31311,55125,3292,171,565429,60375,2508,31,78369,60312,967904,630248,882324,20788,233404,0,241724,72928,60508,168,181216,72760,8,0,205536,139840,762368,490408,0,0,24,0,60488,7008,188,17244,12488,4756,720,788,0,0,0,483952,78152,245760,3180,131512,
1421976812628748,1010,78,78979,51312,1004,265,267089,56312,1801,31,56396,59687,1805,93,197021,59687,2504,31,78369,52875,1506,515,751953,52875,1802,31,56457,55125,1005,31,31372,55125,3294,187,617187,60375,2515,31,78491,60312,967904,630240,882328,20788,233404,0,241724,72928,60508,168,181216,72760,8,0,205536,139840,762368,490400,0,0,0,0,60488,7008,188,17264,12500,4764,720,788,0,0,0,483952,78152,245760,3180,131512,
1421976814701260,1009,46,63110,51312,1003,281,282714,56312,1809,31,56396,59687,1802,125,224853,59687,2519,31,78735,52937,1506,500,776367,52875,1799,31,56335,55125,1001,31,31433,55062,3288,187,668945,60312,2513,31,78491,60312,967904,630240,882328,20788,233404,0,241724,72928,60508,168,181216,72760,8,0,205536,139840,762368,490400,0,0,0,0,60488,7008,188,17264,12500,4764,720,788,0,0,0,483952,78152,245760,3180,131512,
1421976816775044,1007,46,63110,51312,1004,296,298339,56312,1801,31,56396,59687,1802,109,168701,59687,2516,31,78613,52937,1505,515,799804,52812,1803,31,56152,55062,1004,31,31372,55125,3292,203,667968,60375,2508,31,78613,60375,967904,630208,882296,20796,233400,0,241724,72928,60508,168,181216,72760,8,0,205536,139840,762368,490368,0,0,0,0,60488,7008,188,17264,12500,4764,720,788,0,0,0,483952,78152,245760,3180,131512,
1421976818848312,1006,62,78979,51312,1004,281,282226,56312,1796,31,84716,59687,1794,93,168457,59687,2516,62,157226,52875,1506,515,777343,52875,1806,31,56213,55062,1003,31,31372,55125,3292,203,617187,60375,2504,31,78613,60375,967904,630240,882332,20796,233404,0,241724,72932,60508,168,181216,72764,8,0,205536,139840,762368,490400,0,0,12,0,60488,7008,188,17264,12500,4764,720,788,0,0,0,483952,78152,245760,3180,131512,
1421976820921248,1008,62,63110,51312,1004,296,313964,56312,1805,31,56335,59625,1803,78,140869,59687,2516,31,117675,52875,1506,515,776367,52875,1803,31,56335,55062,1002,31,31372,55125,3291,187,566406,60375,2513,31,78491,60375,967904,630240,882332,20796,233404,0,241724,72932,60508,168,181216,72764,8,0,205536,139840,762368,490400,0,0,12,0,60488,7008,188,17264,12500,4764,720,788,0,0,0,483952,78152,245760,3180,131512,
1421976822994977,1010,78,78979,51375,1006,281,297851,56312,1806,31,84716,59625,1802,109,197265,59625,2516,31,78735,52875,1503,515,776367,52875,1805,31,56091,55062,1004,31,31433,55125,3290,187,667968,60375,2513,31,78369,60375,967904,630248,882336,20796,233412,0,241724,72932,60508,168,181216,72764,8,0,205536,139840,762368,490408,0,0,24,0,60488,7008,188,17252,12496,4756,720,788,0,0,0,483952,78152,245760,3180,131512,
1421976825068466,1010,62,78979,51312,1004,265,297363,56312,1806,46,56335,59625,1802,93,168945,59625,2516,31,78735,52875,1502,515,776367,52812,1802,31,56457,55062,1001,31,31372,55062,3296,203,669921,60375,2512,31,78491,60312,967904,630216,882304,20796,233412,0,241724,72932,60508,168,181216,72764,8,0,205536,139840,762368,490376,0,0,24,0,60488,7008,188,17252,12496,4756,720,788,0,0,0,483952,78152,245760,3180,131512,
1421976827141088,1010,62,78613,51375,1004,265,282226,56375,1808,31,56213,59625,1802,109,225585,59625,2516,31,78735,52875,1506,515,777343,52875,1801,31,56335,55125,1005,31,31433,55125,3294,187,566406,60312,2509,31,78491,60312,967904,630248,882332,20804,233404,0,241724,72932,60508,168,181216,72764,8,0,205536,139840,762368,490408,0,0,24,0,60488,7008,188,17248,12492,4756,720,788,0,0,0,483952,78152,245760,3180,131512,
1421976829221526,1010,93,63232,51375,1004,281,282714,56375,1803,31,56396,59625,1798,125,225097,59625,2508,31,78491,52875,1506,500,776367,52875,1801,31,56335,55062,1004,31,31372,55062,3291,187,668945,60375,2512,31,78369,60375,967904,630248,882336,20804,233412,0,241724,72936,60508,168,181216,72768,8,0,205536,139840,762368,490408,0,0,24,0,60488,7008,188,17252,12492,4760,720,788,0,0,0,483952,78152,245760,3180,131512,
1421976831294868,1007,62,78979,51375,1003,281,298339,56375,1799,31,56213,59625,1801,93,196777,59687,2518,46,117919,52875,1504,515,800781,52812,1801,31,56396,55125,1004,31,31372,55125,3290,171,617187,60375,2508,31,78369,60375,967904,630248,882336,20804,233412,0,241724,72936,60508,168,181216,72768,8,0,205536,139840,762368,490408,0,0,24,0,60488,7008,188,17252,12492,4760,720,788,0,0,0,483952,78152,245760,3180,131512,
1421976833368118,1009,62,63110,51375,1004,281,282226,56375,1802,46,56335,59625,1802,109,197021,59687,2519,31,78735,52875,1506,515,777343,52812,1805,31,56335,55125,1002,31,31372,55125,3294,187,668945,60375,2510,31,78613,60375,967904,630248,882336,20804,233412,0,241724,72936,60508,168,181216,72768,8,0,205536,139840,762368,490408,0,0,24,0,60488,7008,188,17252,12492,4760,720,788,0,0,0,483952,78152,245760,3180,131512,
1421976835440629,1009,78,63110,51375,1002,281,250488,56375,1799,31,56518,59687,1801,109,196777,59687,2515,31,117919,52812,1505,500,777343,52812,1803,31,56274,55125,1002,31,31433,55125,3294,187,720703,60375,2509,31,78369,60375,967904,630248,882332,20804,233412,0,241724,72936,60508,168,181216,72768,8,0,205536,139840,762368,490408,0,0,24,0,60488,7008,188,17248,12488,4760,720,788,0,0,0,483952,78152,245760,3180,131512,
1421976837512625,1009,62,63232,51375,1001,281,266601,56375,1805,31,56396,59625,1801,109,197265,59687,2518,31,78613,52875,1507,515,775390,52875,1803,31,56213,55125,1003,31,31372,55125,3294,203,617187,60375,2513,31,78369,60375,967904,630248,882332,20804,233412,0,241724,72936,60508,168,181216,72768,8,0,205536,139840,762368,490408,0,0,24,0,60488,7008,188,17244,12488,4756,720,788,0,0,0,483952,78152,245760,3180,131512,
1421976839585764,1009,62,78857,51375,1001,281,282714,56375,1806,46,56457,59625,1798,93,197021,59687,2510,46,78613,52812,1506,515,776367,52812,1803,31,56335,55187,1003,31,31372,55125,3290,203,617187,60375,2512,31,78491,60375,967904,630216,882300,20804,233412,0,241724,72936,60508,168,181216,72768,8,0,205536,139840,762368,490376,0,0,24,0,60488,7008,188,17244,12488,4756,720,788,0,0,0,483952,78152,245760,3180,131512,
1421976841659659,1010,78,62988,51375,1004,281,266601,56375,1799,31,56213,59625,1802,93,196533,59687,2512,31,78491,52875,1507,515,753906,52875,1799,31,56396,55125,1004,31,31433,55125,3291,187,668945,60375,2510,31,78613,60312,967904,630248,882332,20804,233412,0,241724,72936,60508,168,181216,72768,8,0,205536,139840,762368,490408,0,0,24,0,60488,7008,188,17244,12488,4756,720,788,0,0,0,483952,78152,245760,3180,131512,
1421976843732208,1007,46,47302,51437,1003,281,282714,56375,1805,31,56518,59625,1798,93,140869,59687,2516,31,78735,52875,1502,500,776367,52812,1802,31,56396,55125,1002,31,31372,55125,3295,171,565429,60250,2512,31,78491,60312,967904,630248,882332,20804,233412,0,241724,72936,60508,168,181216,72768,8,0,205536,139840,762368,490408,0,0,24,0,60488,7008,188,17244,12488,4756,720,788,0,0,0,483952,78152,245760,3180,131512,
1421976845805181,1010,62,78857,51437,1004,281,298339,56375,1805,31,56396,59625,1794,93,168212,59687,2510,31,78735,52875,1504,515,777343,52812,1802,31,56396,55125,1004,31,31372,55125,3294,203,668945,60312,2508,31,78491,60312,967904,630248,882332,20804,233412,0,241724,72936,60508,168,181216,72768,8,0,205536,139840,762368,490408,0,0,24,0,60488,7008,188,17248,12488,4760,720,788,0,0,0,483952,78152,245760,3180,131512,
1421976847894171,1010,62,31616,51375,1001,281,281250,56375,1805,31,56457,59625,1795,109,225341,59687,2521,31,118041,52875,1505,515,776367,52812,1805,31,56396,55125,1002,31,31372,55125,3287,203,618164,60312,2509,31,78369,60312,967904,630248,882368,20804,233412,0,241732,72964,60508,168,181224,72796,8,0,205536,139840,762368,490408,0,0,12,0,60488,7008,188,17248,12488,4760,720,788,0,0,0,483952,78152,245760,3180,131512,
1421976849967752,1009,62,63232,51437,1004,281,282714,56375,1805,31,56274,59625,1799,125,168457,59687,2520,31,118041,52812,1505,500,777343,52750,1805,31,56213,55125,1002,31,31433,55125,3292,203,618164,60312,2513,31,78369,60312,967904,630248,882368,20804,233412,0,241732,72964,60508,168,181224,72796,8,0,205536,139840,762368,490408,0,0,12,0,60488,7008,188,17248,12488,4760,720,788,0,0,0,483952,78152,245760,3180,131512,
1421976852039380,1012,46,63232,51437,1004,281,282226,56375,1802,31,56335,59625,1799,93,168945,59687,2509,31,117675,52875,1505,515,778320,52750,1802,31,56335,55125,1004,31,31372,55125,3290,187,566406,60312,2510,31,78491,60312,967904,630248,882368,20804,233412,0,241732,72964,60508,168,181224,72796,8,0,205536,139840,762368,490408,0,0,12,0,60488,7008,188,17248,12488,4760,720,788,0,0,0,483952,78152,245760,3180,131512,
1421976854111855,1010,62,63110,51437,1003,281,282226,56375,1802,31,56335,59625,1802,93,168945,59687,2520,31,78613,52812,1504,515,776367,52812,1805,31,56274,55125,1004,31,31311,55125,3292,203,668945,60312,2510,31,78369,60250,967904,630240,882372,20804,233412,0,241732,72964,60508,168,181224,72796,8,0,205536,139840,762368,490400,0,0,0,0,60488,7008,188,17264,12500,4764,720,788,0,0,0,483952,78152,245760,3180,131512,
1421976856183519,1009,46,63110,51375,1001,265,281738,56375,1802,31,56396,59687,1798,109,197021,59687,2516,46,78613,52812,1507,515,776367,52750,1806,31,56213,55125,1005,31,31372,55125,3294,203,668945,60312,2509,31,78491,60312,967904,630208,882340,20804,233412,0,241732,72964,60508,168,181224,72796,8,0,205536,139840,762368,490368,0,0,0,0,60488,7008,188,17268,12500,4768,720,788,0,0,0,483952,78152,245760,3180,131512,
1421976858255589,1007,46,47241,51375,1001,281,282714,56375,1802,31,56518,59687,1798,109,168945,59687,2521,46,78735,52812,1506,515,776367,52750,1802,31,56396,55125,1004,31,31372,55125,3294,203,617187,60312,2515,31,78491,60312,967904,630092,882228,20812,233408,0,241732,72968,60508,168,181224,72800,8,0,205536,139840,762368,490252,0,0,12,0,60488,7008,188,17264,12500,4764,720,788,0,0,0,483952,78152,245760,3180,131512,
1421976860327529,1009,93,62988,51375,1003,265,250976,56375,1799,31,56213,59750,1792,109,197265,59750,2510,31,78369,52812,1507,515,776367,52750,1803,31,56457,55125,1004,31,31372,55187,3292,187,617187,60312,2510,31,78491,60312,967904,630124,882260,20812,233412,0,241732,72968,60508,168,181224,72800,8,0,205536,139840,762368,490284,0,0,12,0,60488,7008,188,17264,12500,4764,720,788,0,0,0,483952,78152,245760,3180,131512,
1421976862399950,1011,62,78735,51375,1004,281,266601,56375,1806,46,56213,59687,1794,93,196777,59687,2510,31,117553,52812,1507,500,753906,52750,1801,31,56091,55125,1003,31,31250,55125,3296,187,668945,60312,2513,31,78491,60312,967904,630124,882260,20812,233412,0,241732,72968,60508,168,181224,72800,8,0,205536,139840,762368,490284,0,0,12,0,60488,7008,188,17264,12500,4764,720,788,0,0,0,483952,78152,245760,3180,131512,
1421976864472222,1010,62,78857,51375,1002,281,281738,56375,1803,46,56457,59625,1806,93,196777,59687,2519,31,78613,52812,1506,515,776367,52750,1798,31,56396,55125,1003,31,31433,55125,3294,203,668945,60312,2513,31,78491,60250,967904,630124,882260,20812,233420,0,241732,72968,60508,168,181224,72800,8,0,205536,139840,762368,490284,0,0,24,0,60488,7008,188,17264,12500,4764,720,788,0,0,0,483952,78152,245760,3180,131512,
1421976866543518,1010,62,47302,51437,1003,281,266601,56375,1806,31,56457,59625,1799,109,168945,59687,2518,31,78735,52812,1507,515,776367,52750,1803,31,56274,55125,1003,31,31433,55187,3295,171,514648,60250,2508,31,78613,60250,967904,630124,882248,20812,233420,0,241732,72968,60508,168,181224,72800,8,0,205536,139840,762368,490284,0,0,24,0,60488,7008,188,17248,12488,4760,720,788,0,0,0,483952,78152,245760,3180,131512,
1421976868615440,1008,62,78857,51375,1001,281,282226,56375,1806,31,56335,59625,1802,125,224853,59687,2518,31,78491,52750,1507,515,777343,52750,1802,31,56457,55125,1004,31,31372,55125,3290,187,668945,60250,2515,31,78613,60250,967904,630124,882248,20820,233416,0,241732,72968,60508,168,181224,72800,8,0,205536,139840,762368,490284,0,0,24,0,60488,7008,188,17248,12488,4760,720,788,0,0,0,483952,78152,245760,3180,131512,
1421976870694717,1012,62,63110,51375,1003,296,282226,56375,1801,31,56396,59687,1803,109,197021,59687,2507,46,117553,52750,1507,515,776367,52750,1805,31,56274,55125,1003,31,31372,55125,3295,187,668945,60250,2512,31,78491,60250,967904,630092,882220,20820,233420,0,241732,72972,60508,168,181224,72804,8,0,205536,139840,762368,490252,0,0,24,0,60488,7008,188,17248,12488,4760,720,788,0,0,0,483952,78152,245760,3180,131512,
1421976872767690,1009,78,78979,51437,1002,281,282714,56375,1803,31,84838,59687,1795,109,196777,59687,2518,31,78735,52750,1506,515,776367,52812,1805,31,56274,55125,1003,31,31372,55125,3295,203,668945,60250,2512,31,78491,60250,967904,630092,882220,20820,233420,0,241732,72972,60508,168,181224,72804,8,0,205536,139840,762368,490252,0,0,24,0,60488,7008,188,17248,12488,4760,720,788,0,0,0,483952,78152,245760,3180,131512,
1421976874840423,1009,62,63232,51375,1004,265,266601,56375,1796,31,56152,59687,1794,93,168945,59687,2520,31,118164,52812,1506,515,751953,52750,1803,31,56213,55125,1004,31,31372,55125,3290,156,566406,60312,2510,31,78613,60250,967904,630092,882220,20820,233420,0,241732,72972,60508,168,181224,72804,8,0,205536,139840,762368,490252,0,0,24,0,60488,7008,188,17248,12488,4760,720,788,0,0,0,483952,78152,245760,3180,131512,
1421976876913783,1009,46,47302,51375,1002,281,266601,56312,1806,31,56396,59687,1794,93,168945,59687,2512,31,78247,52812,1506,515,776367,52750,1801,31,56396,55125,1006,31,31372,55125,3295,218,668945,60250,2515,31,78613,60250,967904,630092,882220,20820,233420,0,241732,72972,60508,168,181224,72804,8,0,205536,139840,762368,490252,0,0,24,0,60488,7008,188,17248,12488,4760,720,788,0,0,0,483952,78152,245760,3180,131512,
1421976878987420,1006,62,63110,51375,1002,281,265625,56375,1808,31,56213,59687,1794,93,196777,59687,2520,31,157226,52812,1507,515,776367,52750,1802,31,56335,55125,1005,31,31372,55125,3294,171,616210,60250,2512,31,78613,60250,967904,630124,882252,20820,233420,0,241732,72972,60508,168,181224,72804,8,0,205536,139840,762368,490284,0,0,24,0,60488,7008,188,17248,12488,4760,720,788,0,0,0,483952,78152,245760,3180,131512,
1421976881060761,1009,46,47363,51375,1002,281,267089,56375,1806,31,56396,59687,1796,125,225341,59687,2519,31,78735,52812,1507,515,777343,52750,1803,31,56335,55125,1002,31,31372,55125,3292,187,668945,60250,2512,31,78613,60187,967904,630124,882252,20820,233420,0,241732,72972,60508,168,181224,72804,8,0,205536,139840,762368,490284,0,0,24,0,60488,7008,188,17248,12488,4760,720,788,0,0,0,483952,78152,245760,3180,131512,
1421976883134084,1011,62,63110,51375,1006,296,298339,56375,1805,31,56152,59687,1795,93,168457,59687,2516,31,78857,52750,1504,515,776367,52750,1806,31,56396,55125,1002,31,31372,55125,3294,187,565429,60187,2512,31,78369,60187,967904,630092,882220,20820,233420,0,241732,72972,60508,168,181224,72804,8,0,205536,139840,762368,490252,0,0,24,0,60488,7008,188,17248,12488,4760,720,788,0,0,0,483952,78152,245760,3180,131512,
1421976885242834,1012,62,78857,51375,1004,265,282226,56375,1805,31,56396,59687,1803,125,168457,59687,2510,31,78247,52750,1507,515,801757,52750,1802,31,56091,55062,1002,31,31372,55125,3292,203,617187,60187,2512,31,78369,60187,967904,630124,882252,20820,233420,0,241732,72972,60508,168,181224,72804,8,0,205536,139840,762368,490284,0,0,24,0,60488,7008,188,17248,12488,4760,720,788,0,0,0,483952,78152,245760,3180,131512,
1421976887315807,1010,78,78979,51375,1003,281,281250,56375,1805,31,84594,59687,1801,109,168945,59687,2520,31,78735,52812,1504,515,776367,52750,1802,31,56396,55062,1002,31,31372,55062,3292,187,667968,60187,2510,31,78369,60187,967904,630124,882268,20820,233420,0,241736,72984,60508,168,181228,72816,8,0,205536,139840,762368,490284,0,0,24,0,60488,7008,188,17244,12488,4756,720,788,0,0,0,483952,78152,245760,3180,131512,
1421976889389130,1006,93,94726,51375,1002,265,265625,56375,1805,31,56091,59687,1805,93,196777,59625,2516,31,78613,52812,1507,500,776367,52812,1799,31,56457,55062,1004,31,31372,55062,3290,171,617187,60250,2509,31,78491,60187,967904,630124,882268,20820,233420,0,241736,72984,60508,168,181228,72816,8,0,205536,139840,762368,490284,0,0,12,0,60488,7008,188,17244,12488,4756,720,788,0,0,0,483952,78152,245760,3180,131512,
1421976891462103,1010,46,63110,51375,1003,281,282226,56375,1805,31,56213,59687,1796,109,168701,59625,2519,31,78735,52812,1505,515,776367,52812,1803,31,56396,55062,1002,31,31433,55125,3295,203,617187,60250,2510,31,78491,60187,967904,630124,882268,20820,233420,0,241736,72984,60508,168,181228,72816,8,0,205536,139840,762368,490284,0,0,12,0,60488,7008,188,17244,12488,4756,720,788,0,0,0,483952,78152,245760,3180,131512,
1421976893542061,1010,62,78857,51375,1004,296,297363,56375,1803,31,56396,59687,1802,109,196777,59625,2516,31,78613,52812,1507,515,778320,52750,1803,31,56396,55062,1001,31,31372,55125,3294,187,617187,60187,2512,31,78491,60187,967904,630116,882272,20820,233420,0,241736,72984,60508,168,181228,72816,8,0,205536,139840,762368,490276,0,0,0,0,60488,7008,188,17260,12500,4760,720,788,0,0,0,483952,78152,245760,3180,131512,
1421976895615256,1012,78,63110,51375,1002,265,282226,56312,1805,31,56396,59625,1799,109,168701,59625,2508,31,78491,52812,1506,500,776367,52750,1798,31,56335,55125,1004,31,31372,55062,3292,171,618164,60187,2512,31,78613,60187,967904,630116,882272,20820,233420,0,241736,72984,60508,168,181228,72816,8,0,205536,139840,762368,490276,0,0,0,0,60488,7008,188,17260,12500,4760,720,788,0,0,0,483952,78152,245760,3180,131512,
1421976897688450,1010,62,63110,51375,1002,265,266113,56375,1806,31,56213,59625,1798,109,196533,59625,2518,46,157470,52812,1508,515,776367,52750,1805,31,56335,55125,1003,31,31433,55125,3292,203,668945,60187,2510,31,78369,60187,967904,630124,882280,20820,233420,0,241736,72984,60508,168,181228,72816,8,0,205536,139840,762368,490284,0,0,0,0,60488,7008,188,17252,12500,4752,720,788,0,0,0,483952,78152,245760,3180,131512,
1421976899761257,1006,62,63232,51375,1004,296,281738,56312,1805,31,56396,59625,1801,109,196777,59625,2519,31,78735,52750,1506,500,752929,52812,1805,31,56396,55062,1004,31,31311,55125,3292,203,617187,60187,2510,31,78369,60187,967904,630124,882284,20828,233420,0,241736,72988,60508,168,181228,72820,8,0,205536,139840,762368,490284,0,0,12,0,60488,7008,188,17256,12500,4756,720,788,0,0,0,483952,78152,245760,3180,131512,
1421976901869417,1010,78,63232,51375,1002,281,281250,56375,1802,31,56396,59625,1798,125,224853,59625,2512,31,117675,52812,1506,500,752929,52750,1803,31,56396,55125,1004,31,31433,55125,3290,187,668945,60187,2505,31,78369,60187,967904,630124,882284,20828,233420,0,241736,72988,60508,168,181228,72820,8,0,205536,139840,762368,490284,0,0,12,0,60488,7008,188,17260,12500,4760,720,788,0,0,0,483952,78152,245760,3180,131512,
1421976903942666,1010,62,78857,51375,1002,281,282714,56375,1805,31,56396,59625,1803,109,196777,59625,2509,46,78491,52812,1505,500,752929,52750,1801,31,56274,55125,1004,31,31372,55125,3296,187,565429,60187,2505,31,78491,60187,967904,630124,882284,20828,233420,0,241736,72988,60508,168,181228,72820,8,0,205536,139840,762368,490284,0,0,12,0,60488,7008,188,17260,12500,4760,720,788,0,0,0,483952,78152,245760,3180,131512,
1421976906016266,1007,46,63232,51375,1002,281,282226,56312,1795,31,56335,59625,1805,93,168945,59625,2518,31,78735,52812,1507,515,752929,52750,1803,31,56396,55125,1004,31,31372,55125,3291,156,566406,60187,2512,31,78491,60187,967904,630124,882284,20828,233428,0,241740,72992,60508,168,181232,72824,8,0,205536,139840,762368,490284,0,0,24,0,60488,7008,188,17256,12492,4764,720,788,0,0,0,483952,78152,245760,3180,131512,
1421976908089958,1008,62,63232,51375,1005,281,282714,56312,1803,31,56396,59625,1801,109,196777,59625,2512,62,78613,52750,1506,515,777343,52750,1802,31,56396,55062,1004,31,31372,55062,3295,187,668945,60187,2513,31,78491,60187,967904,630124,882284,20828,233428,0,241740,72992,60508,168,181232,72824,8,0,205536,139840,762368,490284,0,0,24,0,60488,7008,188,17256,12492,4764,720,788,0,0,0,483952,78152,245760,3180,131512,
1421976910163963,1011,78,62988,51312,1002,296,296875,56312,1805,31,56518,59625,1801,109,168945,59625,2512,31,78735,52750,1505,500,753906,52750,1803,31,56335,55062,1005,31,31372,55062,3290,218,667968,60187,2512,31,78491,60187,967904,630124,882284,20836,233424,0,241740,72992,60508,168,181232,72824,8,0,205536,139840,762368,490284,0,0,24,0,60488,7008,188,17248,12492,4756,720,788,0,0,0,483952,78152,245760,3180,131512,
1421976912237341,1011,62,78857,51312,1002,281,282226,56312,1801,31,56457,59625,1796,109,168701,59625,2509,31,78247,52750,1506,515,776367,52750,1803,31,56213,55062,1004,31,31433,55125,3294,171,566406,60187,2510,31,78369,60187,967904,630000,882172,20836,233428,0,241740,73004,60508,168,181232,72836,8,0,205536,139840,762368,490160,0,0,24,0,60488,7008,188,17252,12492,4760,720,788,0,0,0,483952,78152,245760,3180,131512,
1421976914317742,1010,62,63110,51312,1004,312,282226,56312,1806,46,56396,59625,1802,93,196777,59625,2518,31,117797,52750,1506,515,800781,52750,1803,31,56335,55062,1004,31,31311,55062,3294,203,668945,60187,2509,31,78491,60187,967904,630000,882172,20836,233428,0,241740,73004,60508,168,181232,72836,8,0,205536,139840,762368,490160,0,0,24,0,60488,7008,188,17252,12492,4760,720,788,0,0,0,483952,78152,245760,3180,131512,
1421976916391655,1008,78,78979,51312,1002,281,282226,56312,1802,31,56579,59625,1794,109,197021,59625,2519,46,78613,52812,1506,515,776367,52750,1808,31,56213,55062,1004,31,31372,55125,3292,171,566406,60187,2513,31,78491,60187,967904,630000,882172,20836,233428,0,241740,73004,60508,168,181232,72836,8,0,205536,139840,762368,490160,0,0,24,0,60488,7008,188,17256,12492,4764,720,788,0,0,0,483952,78152,245760,3180,131512,
1421976918464573,1010,62,63110,51312,1003,281,282226,56312,1805,31,56518,59625,1792,93,169189,59625,2515,46,78735,52812,1506,531,776367,52750,1801,31,56396,55062,1004,31,31372,55062,3291,171,566406,60187,2509,31,78613,60187,967904,630000,882168,20836,233428,0,241740,73004,60508,168,181232,72836,8,0,205536,139840,762368,490160,0,0,24,0,60492,7008,188,17252,12488,4764,720,788,0,0,0,483952,78152,245760,3180,131512,
1421976920537417,1010,62,63110,51312,1002,296,282226,56312,1805,31,56518,59625,1799,93,140625,59625,2516,78,196777,52812,1506,515,776367,52750,1803,31,56396,55062,1001,31,31433,55125,3292,218,720703,60187,2510,31,78491,60187,967904,630000,882168,20836,233428,0,241740,73004,60508,168,181232,72836,8,0,205536,139840,762368,490160,0,0,24,0,60488,7008,188,17252,12488,4764,720,788,0,0,0,483952,78152,245760,3180,131512,
1421976922611127,1011,62,62988,51312,1004,296,282226,56312,1809,31,56396,59625,1801,93,169189,59625,2518,31,78613,52812,1507,515,799804,52750,1802,31,56335,55062,1004,31,31311,55125,3296,203,666992,60250,2510,31,78491,60187,967904,629968,882136,20836,233428,0,241740,73004,60508,168,181232,72836,8,0,205536,139840,762368,490128,0,0,24,0,60488,7008,188,17244,12488,4756,720,788,0,0,0,483952,78152,245760,3180,131512,
1421976924684432,1009,62,63110,51312,1004,296,282226,56312,1805,46,56396,59625,1802,125,197265,59625,2502,31,117553,52812,1506,515,800781,52812,1802,31,56396,55062,1001,31,31372,55062,3294,171,514648,60250,2510,31,78613,60250,967904,630000,882168,20836,233428,0,241740,73004,60508,168,181232,72836,8,0,205536,139840,762368,490160,0,0,24,0,60488,7008,188,17244,12488,4756,720,788,0,0,0,483952,78152,245760,3180,131512,
1421976926757460,1009,62,78979,51312,1000,281,281250,56312,1806,31,56152,59625,1802,93,197265,59625,2510,62,78369,52812,1508,500,753906,52750,1802,31,56457,55062,1002,31,31372,55062,3292,203,618164,60250,2515,31,78613,60250,967904,630000,882168,20836,233428,0,241740,73004,60508,168,181232,72836,8,0,205536,139840,762368,490160,0,0,24,0,60488,7008,188,17240,12488,4752,720,788,0,0,0,483952,78152,245760,3180,131512,
1421976928830949,1007,62,63110,51312,1004,281,266601,56312,1802,31,56457,59625,1795,93,168945,59625,2518,46,78613,52812,1504,515,752929,52812,1802,31,56152,55062,1004,31,31372,55062,3292,218,667968,60250,2512,31,78491,60250,967904,630000,882168,20836,233428,0,241740,73004,60508,168,181232,72836,8,0,205536,139840,762368,490160,0,0,24,0,60488,7008,188,17240,12488,4752,720,788,0,0,0,483952,78152,245760,3180,131512,
